24
JQ031110.1 0.0000000 0.1505397 0.5888807 0.6023197 0.5629515 0.6066607 0.1272829 0.7253380 0.3964016 0.5121179 0.3516838 0.3978893 0.5377079 0.3857537 0.5102218 0.5734973 0.6922071 0.6865036 0.5283819 0.1932459 0.7054398 0.3621181 0.3991373 0.5031687 
JQ031112.1 0.1505397 0.0000000 0.5532080 0.5707240 0.5756518 0.5696691 0.0677482 0.7410390 0.4090586 0.4923012 0.3731046 0.4115694 0.5158866 0.3989142 0.4763069 0.5298225 0.6664565 0.6473638 0.5087155 0.1729751 0.6479402 0.4301997 0.4316181 0.4341850 
KJ466600.1 0.5888807 0.5532080 0.0000000 0.0641398 0.4286487 0.0608383 0.6097562 0.6359693 0.5755919 0.2505557 0.5709726 0.5644348 0.3872859 0.5078969 0.2551643 0.2840392 0.3769889 0.3722497 0.3835365 0.5796104 0.4247984 0.5179255 0.4604042 0.2694365 
KJ466607.1 0.6023197 0.5707240 0.0641398 0.0000000 0.4259322 0.0287284 0.6185813 0.6219116 0.5819666 0.2726007 0.5685948 0.5732295 0.4236710 0.5122300 0.2809026 0.3315641 0.4279108 0.4389796 0.4090710 0.6141946 0.4938008 0.5272714 0.4870291 0.2845991 
KJ466647.1 0.5629515 0.5756518 0.4286487 0.4259322 0.0000000 0.4150748 0.5617902 0.6392238 0.4931261 0.2506276 0.4722903 0.4689055 0.3395779 0.4633949 0.2424268 0.3846798 0.4250700 0.4123622 0.2920866 0.5379169 0.4223406 0.4545294 0.3931389 0.2706593 
KJ466664.1 0.6066607 0.5696691 0.0608383 0.0287284 0.4150748 0.0000000 0.6092952 0.6369654 0.5818330 0.2562827 0.5724678 0.5701004 0.4142380 0.5048726 0.2642406 0.3180628 0.3910030 0.4026745 0.3923672 0.6011194 0.4518225 0.5221549 0.4657255 0.2745359 
KR824789.1 0.1272829 0.0677482 0.6097562 0.6185813 0.5617902 0.6092952 0.0000000 0.6842201 0.4246514 0.5407130 0.3773853 0.4189387 0.5213761 0.4032748 0.5260298 0.5886109 0.6807583 0.6760846 0.5534542 0.1509800 0.6375173 0.4087042 0.3869499 0.4795666 
KT833822.1 0.7253380 0.7410390 0.6359693 0.6219116 0.6392238 0.6369654 0.6842201 0.0000000 0.6744559 0.5439182 0.6293540 0.6521393 0.7348564 0.6643762 0.5240648 0.7372104 0.7939283 0.8143390 0.7390822 0.6806336 0.8138590 0.6281093 0.6796834 0.5688938 
MH485858.1 0.3964016 0.4090586 0.5755919 0.5819666 0.4931261 0.5818330 0.4246514 0.6744559 0.0000000 0.4237564 0.0406214 0.0062736 0.4608536 0.0264012 0.4399689 0.5189584 0.5315936 0.5198907 0.4420528 0.4724863 0.5260894 0.0717217 0.2654411 0.4821386 
MH485864.1 0.5121179 0.4923012 0.2505557 0.2726007 0.2506276 0.2562827 0.5407130 0.5439182 0.4237564 0.0000000 0.4182104 0.4090031 0.2633856 0.4012043 0.0354831 0.1967439 0.2616087 0.2440468 0.2083871 0.4653362 0.2375804 0.4045491 0.3926786 0.0961299 
MH485875.1 0.3516838 0.3731046 0.5709726 0.5685948 0.4722903 0.5724678 0.3773853 0.6293540 0.0406214 0.4182104 0.0000000 0.0427521 0.5055224 0.0407740 0.4320092 0.4879962 0.5261446 0.5074142 0.4702408 0.4057184 0.4886533 0.0594436 0.2801489 0.4628033 
MH485886.1 0.3978893 0.4115694 0.5644348 0.5732295 0.4689055 0.5701004 0.4189387 0.6521393 0.0062736 0.4090031 0.0427521 0.0000000 0.4736346 0.0254153 0.4192846 0.5134364 0.5084154 0.5118122 0.4439277 0.4688932 0.5243543 0.0682315 0.2551353 0.4601012 
MH485905.1 0.5377079 0.5158866 0.3872859 0.4236710 0.3395779 0.4142380 0.5213761 0.7348564 0.4608536 0.2633856 0.5055224 0.4736346 0.0000000 0.4647394 0.2588902 0.3226762 0.3582893 0.3763499 0.1442033 0.5358870 0.3707941 0.4653949 0.4510607 0.2998534 
MH485930.1 0.3857537 0.3989142 0.5078969 0.5122300 0.4633949 0.5048726 0.4032748 0.6643762 0.0264012 0.4012043 0.0407740 0.0254153 0.4647394 0.0000000 0.4128372 0.4528452 0.4644367 0.4509629 0.4294751 0.4206529 0.4825146 0.0707541 0.2689803 0.4375696 
MH485932.1 0.5102218 0.4763069 0.2551643 0.2809026 0.2424268 0.2642406 0.5260298 0.5240648 0.4399689 0.0354831 0.4320092 0.4192846 0.2588902 0.4128372 0.0000000 0.1911400 0.2554125 0.2439035 0.2036498 0.4801441 0.2392003 0.3999768 0.3836772 0.1010442 
MH485937.1 0.5734973 0.5298225 0.2840392 0.3315641 0.3846798 0.3180628 0.5886109 0.7372104 0.5189584 0.1967439 0.4879962 0.5134364 0.3226762 0.4528452 0.1911400 0.0000000 0.1769660 0.1761641 0.2915589 0.5795687 0.1790274 0.4814390 0.4623004 0.2067658 
MH485938.1 0.6922071 0.6664565 0.3769889 0.4279108 0.4250700 0.3910030 0.6807583 0.7939283 0.5315936 0.2616087 0.5261446 0.5084154 0.3582893 0.4644367 0.2554125 0.1769660 0.0000000 0.0433429 0.3198512 0.6505161 0.0641047 0.4518785 0.5085075 0.2413708 
MH485948.1 0.6865036 0.6473638 0.3722497 0.4389796 0.4123622 0.4026745 0.6760846 0.8143390 0.5198907 0.2440468 0.5074142 0.5118122 0.3763499 0.4509629 0.2439035 0.1761641 0.0433429 0.0000000 0.3361764 0.6130514 0.0524167 0.4693722 0.5543927 0.2300639 
MH485963.1 0.5283819 0.5087155 0.3835365 0.4090710 0.2920866 0.3923672 0.5534542 0.7390822 0.4420528 0.2083871 0.4702408 0.4439277 0.1442033 0.4294751 0.2036498 0.2915589 0.3198512 0.3361764 0.0000000 0.5130600 0.3217177 0.4631261 0.4382013 0.2114533 
MH485965.1 0.1932459 0.1729751 0.5796104 0.6141946 0.5379169 0.6011194 0.1509800 0.6806336 0.4724863 0.4653362 0.4057184 0.4688932 0.5358870 0.4206529 0.4801441 0.5795687 0.6505161 0.6130514 0.5130600 0.0000000 0.6250743 0.4371650 0.4446338 0.4280845 
MH485979.1 0.7054398 0.6479402 0.4247984 0.4938008 0.4223406 0.4518225 0.6375173 0.8138590 0.5260894 0.2375804 0.4886533 0.5243543 0.3707941 0.4825146 0.2392003 0.1790274 0.0641047 0.0524167 0.3217177 0.6250743 0.0000000 0.4764007 0.5188445 0.2430068 
MH486021.1 0.3621181 0.4301997 0.5179255 0.5272714 0.4545294 0.5221549 0.4087042 0.6281093 0.0717217 0.4045491 0.0594436 0.0682315 0.4653949 0.0707541 0.3999768 0.4814390 0.4518785 0.4693722 0.4631261 0.4371650 0.4764007 0.0000000 0.2773638 0.4584512 
MH486052.1 0.3991373 0.4316181 0.4604042 0.4870291 0.3931389 0.4657255 0.3869499 0.6796834 0.2654411 0.3926786 0.2801489 0.2551353 0.4510607 0.2689803 0.3836772 0.4623004 0.5085075 0.5543927 0.4382013 0.4446338 0.5188445 0.2773638 0.0000000 0.4069197 
MH486298.1 0.5031687 0.4341850 0.2694365 0.2845991 0.2706593 0.2745359 0.4795666 0.5688938 0.4821386 0.0961299 0.4628033 0.4601012 0.2998534 0.4375696 0.1010442 0.2067658 0.2413708 0.2300639 0.2114533 0.4280845 0.2430068 0.4584512 0.4069197 0.0000000 
