24
JQ031110.1 0.0000000 0.1455911 0.5824017 0.5925978 0.5428935 0.5981970 0.1241015 0.6958640 0.3798158 0.4966531 0.3377550 0.3806079 0.5212450 0.3695491 0.4951148 0.5606713 0.6678128 0.6606001 0.5070086 0.1878641 0.6711243 0.3480726 0.3854656 0.4897646 
JQ031112.1 0.1455911 0.0000000 0.5493007 0.5639891 0.5574764 0.5596508 0.0659240 0.7172940 0.3959793 0.4795421 0.3597771 0.3968011 0.5009810 0.3847915 0.4640183 0.5171499 0.6440303 0.6235010 0.4948128 0.1689721 0.6169917 0.4131065 0.4183393 0.4279468 
KJ466600.1 0.5824017 0.5493007 0.0000000 0.0630923 0.4118817 0.0602139 0.6051353 0.6222857 0.5585945 0.2417313 0.5564806 0.5440788 0.3724038 0.4922734 0.2459408 0.2733481 0.3634202 0.3584687 0.3690335 0.5740987 0.4119606 0.5003611 0.4489162 0.2589326 
KJ466607.1 0.5925978 0.5639891 0.0630923 0.0000000 0.4141579 0.0285644 0.6109385 0.6144333 0.5627601 0.2641079 0.5542719 0.5516428 0.4092732 0.4981041 0.2720788 0.3207339 0.4139109 0.4233547 0.3957482 0.6068407 0.4797481 0.5100927 0.4792446 0.2750733 
KJ466647.1 0.5428935 0.5574764 0.4118817 0.4141579 0.0000000 0.4007167 0.5423829 0.6300807 0.4750673 0.2410735 0.4565118 0.4496870 0.3231873 0.4463894 0.2335781 0.3728737 0.4088066 0.3946863 0.2797183 0.5237259 0.4049615 0.4372519 0.3757775 0.2600716 
KJ466664.1 0.5981970 0.5596508 0.0602139 0.0285644 0.4007167 0.0000000 0.5970729 0.6279772 0.5600112 0.2474341 0.5555931 0.5455552 0.3979421 0.4869506 0.2550340 0.3057162 0.3767213 0.3867330 0.3776869 0.5916676 0.4364158 0.5016591 0.4554260 0.2642412 
KR824789.1 0.1241015 0.0659240 0.6051353 0.6109385 0.5423829 0.5970729 0.0000000 0.6643569 0.4074499 0.5223114 0.3622138 0.4013868 0.5005549 0.3864077 0.5056596 0.5734762 0.6597983 0.6502556 0.5320138 0.1481938 0.6108936 0.3920085 0.3750375 0.4690782 
KT833822.1 0.6958640 0.7172940 0.6222857 0.6144333 0.6300807 0.6279772 0.6643569 0.0000000 0.6575460 0.5303561 0.6214305 0.6356801 0.7233046 0.6531212 0.5117299 0.7082127 0.7308344 0.7499763 0.7191039 0.6706213 0.7455946 0.6228351 0.6826714 0.5532812 
MH485858.1 0.3798158 0.3959793 0.5585945 0.5627601 0.4750673 0.5600112 0.4074499 0.6575460 0.0000000 0.4077437 0.0399118 0.0062673 0.4477546 0.0255867 0.4232420 0.5055759 0.5138321 0.5062702 0.4271319 0.4536019 0.5091628 0.0703048 0.2568991 0.4655861 
MH485864.1 0.4966531 0.4795421 0.2417313 0.2641079 0.2410735 0.2474341 0.5223114 0.5303561 0.4077437 0.0000000 0.4032836 0.3909893 0.2536122 0.3858200 0.0352781 0.1909967 0.2528278 0.2365365 0.2017074 0.4523963 0.2302556 0.3889807 0.3788331 0.0942879 
MH485875.1 0.3377550 0.3597771 0.5564806 0.5542719 0.4565118 0.5555931 0.3622138 0.6214305 0.0399118 0.4032836 0.0000000 0.0420542 0.4916784 0.0400716 0.4168943 0.4731099 0.5113170 0.4928587 0.4560599 0.3889346 0.4751715 0.0588053 0.2707206 0.4458484 
MH485886.1 0.3806079 0.3968011 0.5440788 0.5516428 0.4496870 0.5455552 0.4013868 0.6356801 0.0062673 0.3909893 0.0420542 0.0000000 0.4593607 0.0246629 0.4005991 0.4975471 0.4898877 0.4956331 0.4284938 0.4495900 0.5046297 0.0664687 0.2463361 0.4409841 
MH485905.1 0.5212450 0.5009810 0.3724038 0.4092732 0.3231873 0.3979421 0.5005549 0.7233046 0.4477546 0.2536122 0.4916784 0.4593607 0.0000000 0.4502671 0.2496585 0.3115420 0.3434752 0.3604920 0.1412080 0.5174227 0.3558850 0.4490879 0.4350221 0.2879365 
MH485930.1 0.3695491 0.3847915 0.4922734 0.4981041 0.4463894 0.4869506 0.3864077 0.6531212 0.0255867 0.3858200 0.0400716 0.0246629 0.4502671 0.0000000 0.3973015 0.4386687 0.4494606 0.4359793 0.4144484 0.4038620 0.4658076 0.0694299 0.2605161 0.4224034 
MH485932.1 0.4951148 0.4640183 0.2459408 0.2720788 0.2335781 0.2550340 0.5056596 0.5117299 0.4232420 0.0352781 0.4168943 0.4005991 0.2496585 0.3973015 0.0000000 0.1852544 0.2461382 0.2353960 0.1966691 0.4674528 0.2308230 0.3854170 0.3708478 0.0990549 
MH485937.1 0.5606713 0.5171499 0.2733481 0.3207339 0.3728737 0.3057162 0.5734762 0.7082127 0.5055759 0.1909967 0.4731099 0.4975471 0.3115420 0.4386687 0.1852544 0.0000000 0.1714448 0.1705467 0.2826811 0.5627472 0.1735680 0.4637715 0.4554971 0.2008621 
MH485938.1 0.6678128 0.6440303 0.3634202 0.4139109 0.4088066 0.3767213 0.6597983 0.7308344 0.5138321 0.2528278 0.5113170 0.4898877 0.3434752 0.4494606 0.2461382 0.1714448 0.0000000 0.0430186 0.3079479 0.6369583 0.0629341 0.4373856 0.4959625 0.2339927 
MH485948.1 0.6606001 0.6235010 0.3584687 0.4233547 0.3946863 0.3867330 0.6502556 0.7499763 0.5062702 0.2365365 0.4928587 0.4956331 0.3604920 0.4359793 0.2353960 0.1705467 0.0430186 0.0000000 0.3232609 0.5965584 0.0519148 0.4543402 0.5419295 0.2238459 
MH485963.1 0.5070086 0.4948128 0.3690335 0.3957482 0.2797183 0.3776869 0.5320138 0.7191039 0.4271319 0.2017074 0.4560599 0.4284938 0.1412080 0.4144484 0.1966691 0.2826811 0.3079479 0.3232609 0.0000000 0.4954326 0.3103822 0.4461643 0.4226332 0.2046519 
MH485965.1 0.1878641 0.1689721 0.5740987 0.6068407 0.5237259 0.5916676 0.1481938 0.6706213 0.4536019 0.4523963 0.3889346 0.4495900 0.5174227 0.4038620 0.4674528 0.5627472 0.6369583 0.5965584 0.4954326 0.0000000 0.5998194 0.4196788 0.4322915 0.4226997 
MH485979.1 0.6711243 0.6169917 0.4119606 0.4797481 0.4049615 0.4364158 0.6108936 0.7455946 0.5091628 0.2302556 0.4751715 0.5046297 0.3558850 0.4658076 0.2308230 0.1735680 0.0629341 0.0519148 0.3103822 0.5998194 0.0000000 0.4615330 0.5076806 0.2362741 
MH486021.1 0.3480726 0.4131065 0.5003611 0.5100927 0.4372519 0.5016591 0.3920085 0.6228351 0.0703048 0.3889807 0.0588053 0.0664687 0.4490879 0.0694299 0.3854170 0.4637715 0.4373856 0.4543402 0.4461643 0.4196788 0.4615330 0.0000000 0.2679627 0.4413031 
MH486052.1 0.3854656 0.4183393 0.4489162 0.4792446 0.3757775 0.4554260 0.3750375 0.6826714 0.2568991 0.3788331 0.2707206 0.2463361 0.4350221 0.2605161 0.3708478 0.4554971 0.4959625 0.5419295 0.4226332 0.4322915 0.5076806 0.2679627 0.0000000 0.3961693 
MH486298.1 0.4897646 0.4279468 0.2589326 0.2750733 0.2600716 0.2642412 0.4690782 0.5532812 0.4655861 0.0942879 0.4458484 0.4409841 0.2879365 0.4224034 0.0990549 0.2008621 0.2339927 0.2238459 0.2046519 0.4226997 0.2362741 0.4413031 0.3961693 0.0000000 
