158
JN941154.1 0.0000000 0.0804191 0.0791506 0.0791152 0.0818982 0.0842297 0.0842297 0.1941336 0.1877797 0.1827488 0.1841969 0.1881348 0.1736686 0.1641129 0.1748433 0.1808183 0.2051370 0.1684509 0.1684509 0.1832983 0.1569432 0.1687714 0.1694708 0.1732685 0.1729640 0.1729640 0.1491548 0.1491548 0.1772042 0.2104226 0.2067901 0.1769393 0.1769070 0.1740636 0.1602214 0.1592530 0.1761702 0.1602466 0.1707819 0.1800204 0.1605048 0.1028171 0.1025788 0.1025788 0.0873126 0.0831640 0.0859891 0.0874186 0.0874107 0.0884874 0.1913511 0.1324388 0.1304893 0.1304893 0.0981850 0.1788450 0.1772997 0.1383959 0.1441527 0.1424264 0.1304679 0.1374732 0.1325314 0.2008470 0.1990859 0.1983765 0.1697950 0.1573431 0.1573431 0.1955684 0.1561820 0.1404965 0.1397250 0.1416578 0.1622987 0.2037499 0.1713870 0.1376475 0.1354434 0.1419711 0.1433622 0.1438723 0.1473242 0.1450495 0.1469763 0.0848362 0.1553051 0.1431433 0.1478481 0.1629028 0.0886989 0.2322276 0.1535165 0.0316785 0.0063159 0.1355884 0.1370963 0.1398399 0.0763681 0.0756050 0.1752152 0.1413226 0.1401303 0.1449769 0.1769897 0.1335663 0.1309980 0.1857677 0.1720838 0.0926925 0.0918528 0.0938779 0.1282284 0.1738851 0.1745962 0.1433544 0.1604550 0.1681913 0.1703578 0.1570783 0.1567882 0.1563695 0.1970126 0.1380584 0.1380584 0.1398826 0.1633407 0.0863067 0.0837865 0.1874547 0.0738869 0.0740831 0.1945616 0.1988524 0.1617743 0.1512710 0.1372930 0.1438078 0.1594201 0.2165749 0.0804191 0.0788386 0.1543718 0.1590536 0.0834896 0.0793837 0.1786926 0.1305208 0.1305208 0.1299265 0.1660137 0.1595110 0.1589329 0.1539804 0.1566274 0.1533676 0.1691898 0.1693321 
JN941157.1 0.0804191 0.0000000 0.0182626 0.0160024 0.0156493 0.0169683 0.0167782 0.1438139 0.1385040 0.1420537 0.1371285 0.1406386 0.1308471 0.1308905 0.1298590 0.1410376 0.1713140 0.1271319 0.1271319 0.1353917 0.1278578 0.1354183 0.1375540 0.1525600 0.1523071 0.1523071 0.1144936 0.1144936 0.1541029 0.1756601 0.1642466 0.1366192 0.1365962 0.1390558 0.1260530 0.1268760 0.1448916 0.1280245 0.1489093 0.1559063 0.1237454 0.0243231 0.0228449 0.0228449 0.0173483 0.0124236 0.0135574 0.0147882 0.0072975 0.0203788 0.1305137 0.0960338 0.0946371 0.0972756 0.0182845 0.1245007 0.1225682 0.1033353 0.1090132 0.1077452 0.0936602 0.0974638 0.1009319 0.1458526 0.1620662 0.1576785 0.1384438 0.1125633 0.1132454 0.1532297 0.1369842 0.1158342 0.1121668 0.1082179 0.1068670 0.1352311 0.1140667 0.1094216 0.1110667 0.1111267 0.1111299 0.1118681 0.1096570 0.1102764 0.1107811 0.0194649 0.1195166 0.1094169 0.1118651 0.1108849 0.0356284 0.1681824 0.1079614 0.0673458 0.0729850 0.1046248 0.1068381 0.1104092 0.0172270 0.0166148 0.1471363 0.1130884 0.1134213 0.1163981 0.1436505 0.1036630 0.1024233 0.1307134 0.1302079 0.0060947 0.0068743 0.0065017 0.0953016 0.1331162 0.1303757 0.1161717 0.1087145 0.1078885 0.1103907 0.1096019 0.1071726 0.1117605 0.1487547 0.1083375 0.1083375 0.1102356 0.1121731 0.0214186 0.0189046 0.1480176 0.0141011 0.0128310 0.1337501 0.1395878 0.1237963 0.1153997 0.1103878 0.1145770 0.1072848 0.1671767 0.0000010 0.0011378 0.1191771 0.1164711 0.0150819 0.0305716 0.1387560 0.1004461 0.1004461 0.1044411 0.1315568 0.1173867 0.1309050 0.1341666 0.1087608 0.1061005 0.1477820 0.1315370 
JN941158.1 0.0791506 0.0182626 0.0000000 0.0022138 0.0123709 0.0196102 0.0155213 0.1446841 0.1393182 0.1422757 0.1373401 0.1408674 0.1283971 0.1310876 0.1300528 0.1412538 0.1689683 0.1247605 0.1247605 0.1361627 0.1280455 0.1356216 0.1361681 0.1485831 0.1483373 0.1483373 0.1226212 0.1226212 0.1525549 0.1724558 0.1613029 0.1320334 0.1320114 0.1344173 0.1249792 0.1270636 0.1472527 0.1282128 0.1462796 0.1659145 0.1239254 0.0216208 0.0201750 0.0201750 0.0135411 0.0136703 0.0123419 0.0135747 0.0162330 0.0201192 0.1304918 0.0958718 0.0944848 0.0971076 0.0017543 0.1228977 0.1209479 0.1031305 0.1087687 0.1075079 0.0935145 0.0972891 0.1007422 0.1406198 0.1599466 0.1556729 0.1318296 0.0986338 0.0992200 0.1355961 0.1275544 0.1155402 0.1118899 0.1079793 0.1098553 0.1351838 0.1170272 0.1172342 0.1191307 0.1189498 0.1190613 0.1180854 0.1181483 0.1187099 0.1193818 0.0192280 0.1276188 0.1172079 0.1199751 0.1088633 0.0379298 0.1647343 0.0933751 0.0642949 0.0698092 0.1087439 0.1111287 0.1148205 0.0158740 0.0153141 0.1456999 0.1132922 0.1136239 0.1166082 0.1438701 0.1002119 0.0989249 0.1211141 0.1311770 0.0163190 0.0164890 0.0146591 0.0951473 0.1363038 0.1334605 0.1160237 0.0943919 0.0940820 0.0962179 0.0955552 0.0934753 0.0974011 0.1452271 0.1091001 0.1091001 0.1110268 0.0983059 0.0139539 0.0115477 0.1509537 0.0116044 0.0116594 0.1330298 0.1388079 0.1239764 0.1232937 0.1181523 0.1224791 0.0899248 0.1761926 0.0127531 0.0129365 0.1193437 0.1171916 0.0115299 0.0302434 0.1487448 0.1002630 0.1002630 0.1042246 0.1337234 0.1094534 0.1310952 0.1391089 0.0948283 0.0923618 0.1452037 0.1274984 
JN941159.1 0.0791152 0.0160024 0.0022138 0.0000000 0.0112859 0.0173294 0.0155141 0.1423830 0.1370622 0.1400234 0.1351245 0.1385250 0.1262411 0.1289342 0.1279195 0.1390468 0.1688953 0.1226707 0.1226707 0.1339655 0.1259500 0.1334682 0.1340063 0.1463402 0.1460987 0.1460987 0.1225683 0.1225683 0.1503239 0.1700771 0.1590431 0.1319759 0.1319540 0.1343589 0.1228829 0.1249542 0.1471874 0.1261137 0.1439796 0.1659145 0.1218545 0.0216104 0.0201654 0.0201654 0.0135347 0.0136500 0.0123360 0.0135682 0.0162252 0.0201096 0.1304317 0.0959883 0.0944445 0.0972253 0.0017543 0.1230578 0.1211070 0.1030865 0.1087221 0.1074615 0.0936253 0.0974109 0.1006993 0.1408076 0.1598787 0.1558944 0.1335632 0.0987517 0.0991782 0.1358477 0.1293526 0.1154908 0.1118402 0.1079332 0.1099982 0.1354306 0.1169773 0.1173852 0.1190789 0.1188996 0.1190103 0.1182343 0.1180971 0.1186590 0.1193298 0.0192191 0.1275652 0.1171581 0.1199228 0.1088144 0.0379125 0.1646643 0.0933331 0.0643669 0.0697754 0.1088793 0.1110805 0.1147703 0.0158665 0.0153288 0.1438354 0.1132432 0.1135753 0.1165588 0.1416634 0.0985947 0.0972827 0.1210614 0.1313478 0.0163111 0.0165048 0.0146515 0.0952602 0.1362447 0.1334040 0.1159738 0.0943503 0.0941941 0.0963352 0.0955142 0.0935859 0.0973587 0.1451665 0.1092330 0.1092330 0.1109784 0.0984230 0.0139671 0.0115585 0.1511685 0.0115991 0.0116541 0.1332060 0.1369401 0.1219050 0.1232423 0.1183033 0.1226374 0.0898854 0.1761147 0.0127651 0.0129306 0.1173591 0.1152519 0.0115407 0.0302294 0.1486786 0.1003831 0.1003831 0.1041793 0.1336667 0.1094059 0.1290169 0.1390398 0.0947878 0.0924716 0.1429477 0.1276661 
JN941160.1 0.0818982 0.0156493 0.0123709 0.0112859 0.0000000 0.0169135 0.0179521 0.1526095 0.1516506 0.1490066 0.1410788 0.1448055 0.1382105 0.1343315 0.1336825 0.1434744 0.1651072 0.1343019 0.1343019 0.1481963 0.1312226 0.1426588 0.1432274 0.1605355 0.1602685 0.1602685 0.1221056 0.1221056 0.1669874 0.1742431 0.1630005 0.1390555 0.1390323 0.1414812 0.1373597 0.1340445 0.1485107 0.1313941 0.1551152 0.1629926 0.1312026 0.0269532 0.0254495 0.0254495 0.0011941 0.0188498 0.0148210 0.0160540 0.0213819 0.0227826 0.1315759 0.1041557 0.1026330 0.1053724 0.0181893 0.1149930 0.1165336 0.1115805 0.1174687 0.1162321 0.1015716 0.1058370 0.1091097 0.1477670 0.1562994 0.1521458 0.1315701 0.1029792 0.1035909 0.1400883 0.1292399 0.1170260 0.1210321 0.1166389 0.1090965 0.1281047 0.1092606 0.1167571 0.1186314 0.1219779 0.1221308 0.1210539 0.1171150 0.1176800 0.1183269 0.0217668 0.1306910 0.1202362 0.1231077 0.1098667 0.0434494 0.1699707 0.0979535 0.0672552 0.0711472 0.1150963 0.1177092 0.1215238 0.0209830 0.0202357 0.1594372 0.1241628 0.1243822 0.1273669 0.1504589 0.1083962 0.1072354 0.1272605 0.1362981 0.0214568 0.0213089 0.0201265 0.1032278 0.1276905 0.1251570 0.1209281 0.0988825 0.0986719 0.1009197 0.0999548 0.0977800 0.1018853 0.1507291 0.1141411 0.1141411 0.1163865 0.1026343 0.0236579 0.0211428 0.1566210 0.0163553 0.0164342 0.1383540 0.1423399 0.1308613 0.1227907 0.1211632 0.1255121 0.0978819 0.1807914 0.0150819 0.0165128 0.1259844 0.1260580 0.0000010 0.0342866 0.1502942 0.1084517 0.1084517 0.1128926 0.1349034 0.1107492 0.1342259 0.1437428 0.0959476 0.0934750 0.1538715 0.1254158 
JN941161.1 0.0842297 0.0169683 0.0196102 0.0173294 0.0169135 0.0000000 0.0000010 0.1601205 0.1544206 0.1456359 0.1476213 0.1517733 0.1411125 0.1414887 0.1399050 0.1445280 0.1814421 0.1370514 0.1370514 0.1508459 0.1338808 0.1455971 0.1461864 0.1564530 0.1561903 0.1561903 0.1202879 0.1202879 0.1659014 0.1659268 0.1551629 0.1361117 0.1360886 0.1385631 0.1358831 0.1367888 0.1558186 0.1383214 0.1579744 0.1772215 0.1296543 0.0273661 0.0258363 0.0258363 0.0188365 0.0164732 0.0176293 0.0188855 0.0216610 0.0204212 0.1287069 0.1038222 0.1022883 0.1050544 0.0204629 0.1357251 0.1338691 0.1113251 0.1172736 0.1160222 0.1012192 0.1055121 0.1088298 0.1467102 0.1737864 0.1690406 0.1315339 0.1168577 0.1175695 0.1606666 0.1381062 0.1189416 0.1163938 0.1139590 0.1227791 0.1487307 0.1259960 0.1167541 0.1186316 0.1184661 0.1203422 0.1176137 0.1153208 0.1141452 0.1165147 0.0195036 0.1271027 0.1167292 0.1212818 0.1120449 0.0397054 0.1650500 0.1106712 0.0712911 0.0751404 0.1116874 0.1141768 0.1179239 0.0185381 0.0178766 0.1602259 0.1184481 0.1169776 0.1199627 0.1471868 0.1114513 0.1103274 0.1373969 0.1440717 0.0217812 0.0228634 0.0204506 0.1028925 0.1488077 0.1474164 0.1143575 0.1113761 0.1084875 0.1110107 0.1139304 0.1113874 0.1144370 0.1496433 0.1149109 0.1149109 0.1172223 0.1164470 0.0227025 0.0201694 0.1630080 0.0153398 0.0154144 0.1350953 0.1380674 0.1335043 0.1192814 0.1176736 0.1219843 0.1098973 0.1905802 0.0165050 0.0179832 0.1302824 0.1184846 0.0176604 0.0346951 0.1491268 0.1081707 0.1081707 0.1108782 0.1434133 0.1221915 0.1430435 0.1492081 0.1130516 0.1103281 0.1566574 0.1377428 
JN941162.1 0.0842297 0.0167782 0.0155213 0.0155141 0.0179521 0.0000010 0.0000000 0.1601205 0.1544206 0.1456359 0.1476213 0.1517733 0.1411125 0.1414887 0.1399050 0.1445280 0.1814421 0.1370514 0.1370514 0.1508459 0.1338808 0.1455971 0.1461864 0.1564530 0.1561903 0.1561903 0.1202879 0.1202879 0.1659014 0.1659268 0.1551629 0.1361117 0.1360886 0.1385631 0.1358831 0.1367888 0.1558186 0.1383214 0.1579744 0.1772215 0.1296543 0.0273661 0.0258363 0.0258363 0.0188365 0.0164732 0.0176293 0.0188855 0.0216610 0.0204212 0.1287069 0.1046381 0.1032310 0.1032310 0.0204629 0.1386186 0.1367565 0.1126925 0.1176542 0.1160222 0.1032156 0.1063672 0.1057579 0.1491559 0.1762597 0.1729354 0.1331900 0.1191912 0.1191912 0.1606666 0.1385751 0.1189416 0.1163938 0.1146770 0.1238065 0.1487307 0.1284370 0.1191757 0.1188165 0.1190327 0.1203422 0.1199976 0.1167838 0.1141452 0.1165147 0.0197042 0.1279184 0.1167292 0.1212818 0.1120449 0.0399220 0.1650500 0.1106712 0.0726475 0.0751404 0.1139382 0.1141768 0.1179239 0.0185381 0.0181757 0.1618414 0.1190225 0.1169776 0.1207421 0.1412836 0.1136647 0.1111942 0.1327325 0.1452577 0.0217812 0.0232495 0.0204506 0.1049225 0.1488077 0.1496463 0.1143575 0.1104834 0.1106461 0.1118882 0.1153215 0.1135982 0.1144370 0.1509019 0.1172093 0.1172093 0.1172223 0.1187633 0.0230828 0.0205049 0.1667651 0.0154925 0.0155686 0.1380002 0.1382429 0.1352830 0.1207659 0.1186135 0.1229669 0.1112488 0.1905802 0.0167782 0.0181650 0.1319599 0.1184846 0.0179346 0.0346951 0.1491268 0.1103168 0.1103168 0.1108782 0.1452981 0.1237561 0.1374802 0.1513314 0.1151336 0.1125304 0.1588611 0.1388878 
JX998044.1 0.1941336 0.1438139 0.1446841 0.1423830 0.1526095 0.1601205 0.1601205 0.0000000 0.0023934 0.0457447 0.0399193 0.0421299 0.0328278 0.0342615 0.0399193 0.0442549 0.1475328 0.0342214 0.0342214 0.0023934 0.0383264 0.0386333 0.0401050 0.0594557 0.0594557 0.0594557 0.0975100 0.0975100 0.0751978 0.1702059 0.1510018 0.0444017 0.0443957 0.0459513 0.0382923 0.0368532 0.1581271 0.0342615 0.0683226 0.2002076 0.0383660 0.1475410 0.1488205 0.1488205 0.1556196 0.1460168 0.1475535 0.1491048 0.1471414 0.1521361 0.1553398 0.1440333 0.1440333 0.1440333 0.1674255 0.1262930 0.1190427 0.1513945 0.1507145 0.1491502 0.1479919 0.1500094 0.1462203 0.1288700 0.1500906 0.1522163 0.1892709 0.1617264 0.1617264 0.2024801 0.1571544 0.1688052 0.1564788 0.1666404 0.1087332 0.1392408 0.1172471 0.1117283 0.1115259 0.0995277 0.0995277 0.1032212 0.0982401 0.0972494 0.0972494 0.1511987 0.0964055 0.0964055 0.0964055 0.1498187 0.1593972 0.1660327 0.1511982 0.1694266 0.1787631 0.0883693 0.0866555 0.0889060 0.1507237 0.1507237 0.0751978 0.1032571 0.1032571 0.1035400 0.0457447 0.1499881 0.1497422 0.1802005 0.1930419 0.1523462 0.1503037 0.1400139 0.1420935 0.1213177 0.1185611 0.1752797 0.1534626 0.1557540 0.1557540 0.1505017 0.1505017 0.1507533 0.1276851 0.1616913 0.1616913 0.1579832 0.1446001 0.1439274 0.1401729 0.1834635 0.1410744 0.1376283 0.1259530 0.1254697 0.0341388 0.0951122 0.0978849 0.0906837 0.1576952 0.1335060 0.1438139 0.1438139 0.0370699 0.1696279 0.1526095 0.1469187 0.1528807 0.1632336 0.1632336 0.1609483 0.1495199 0.1176921 0.0342615 0.1453303 0.1532491 0.1502800 0.0726723 0.2125293 
JX998046.1 0.1877797 0.1385040 0.1393182 0.1370622 0.1516506 0.1544206 0.1544206 0.0023934 0.0000000 0.0425706 0.0368440 0.0388605 0.0326822 0.0341090 0.0368440 0.0440527 0.1419445 0.0340691 0.0340691 0.0000010 0.0381546 0.0384586 0.0399228 0.0560455 0.0560455 0.0560455 0.0969774 0.0969774 0.0714617 0.1644350 0.1457035 0.0441983 0.0441924 0.0457396 0.0352582 0.0366889 0.1522458 0.0341090 0.0646369 0.1911331 0.0353251 0.1420898 0.1433719 0.1433719 0.1546334 0.1405913 0.1421218 0.1436650 0.1417354 0.1465870 0.1495075 0.1387761 0.1387761 0.1387761 0.1589075 0.1255738 0.1183711 0.1459748 0.1452694 0.1437734 0.1426737 0.1445350 0.1409223 0.1238345 0.1444405 0.1465302 0.1830801 0.1607199 0.1607199 0.2005887 0.1516657 0.1631459 0.1508091 0.1608985 0.1081331 0.1381915 0.1165860 0.1071009 0.1069087 0.0989822 0.0989822 0.1026503 0.0976992 0.0967198 0.0967198 0.1456953 0.0958788 0.0958788 0.0958788 0.1445686 0.1537843 0.1604613 0.1502689 0.1636441 0.1761729 0.0878962 0.0861930 0.0884270 0.1451404 0.1451404 0.0714617 0.1026849 0.1026849 0.1029669 0.0425706 0.1446394 0.1444054 0.1741469 0.1868460 0.1467358 0.1447902 0.1376228 0.1368605 0.1206196 0.1178766 0.1693862 0.1525045 0.1503206 0.1503206 0.1495811 0.1495811 0.1498296 0.1226404 0.1561130 0.1561130 0.1523893 0.1437206 0.1385506 0.1349071 0.1773506 0.1357631 0.1324143 0.1210859 0.1206168 0.0339872 0.0945980 0.0973492 0.0901943 0.1522415 0.1326892 0.1385040 0.1385040 0.0369036 0.1638748 0.1516506 0.1414320 0.1472457 0.1576472 0.1576472 0.1554042 0.1439855 0.1170167 0.0341090 0.1453303 0.1523048 0.1493633 0.0688612 0.2056726 
JX998048.1 0.1827488 0.1420537 0.1422757 0.1400234 0.1490066 0.1456359 0.1456359 0.0457447 0.0425706 0.0000000 0.0226649 0.0238510 0.0228161 0.0189631 0.0226649 0.0011927 0.1331660 0.0241412 0.0241412 0.0425706 0.0269957 0.0160872 0.0173826 0.0408084 0.0408084 0.0408084 0.0855809 0.0855809 0.0483838 0.1520653 0.1441332 0.0268484 0.0268450 0.0282467 0.0173911 0.0186959 0.1506251 0.0189631 0.0431732 0.2082204 0.0269673 0.1466913 0.1479482 0.1479482 0.1519434 0.1411216 0.1332924 0.1348374 0.1493486 0.1501513 0.1368430 0.1538605 0.1538605 0.1538605 0.1707762 0.1107359 0.1003417 0.1612855 0.1606739 0.1590349 0.1538342 0.1559725 0.1560536 0.1230511 0.1333119 0.1331158 0.1900353 0.1606075 0.1606075 0.2068693 0.1380721 0.1538792 0.1624883 0.1724672 0.1005166 0.1221667 0.1020762 0.0967489 0.0965774 0.0873814 0.0873814 0.0894332 0.0866755 0.0858209 0.0858209 0.1492385 0.0871743 0.0871743 0.0871743 0.1346642 0.1561815 0.1493539 0.1541324 0.1583133 0.1669561 0.0800228 0.0783640 0.0804992 0.1476547 0.1476547 0.0483838 0.0985641 0.0985641 0.0966701 0.0000010 0.1435281 0.1432981 0.1654904 0.1762715 0.1504226 0.1484281 0.1459510 0.1519385 0.1165340 0.1138247 0.1679975 0.1645454 0.1541047 0.1541047 0.1494747 0.1494747 0.1497229 0.1199629 0.1548813 0.1548813 0.1511780 0.1475432 0.1459893 0.1422569 0.1673198 0.1382949 0.1349499 0.1057395 0.1067016 0.0213935 0.0854646 0.0891911 0.0822317 0.1565001 0.1344283 0.1420537 0.1420537 0.0187984 0.1621302 0.1490066 0.1541110 0.1454935 0.1519404 0.1519404 0.1497450 0.1424914 0.1065850 0.0189631 0.1385660 0.1641877 0.1611243 0.0436937 0.1878254 
JX998052.1 0.1841969 0.1371285 0.1373401 0.1351245 0.1410788 0.1476213 0.1476213 0.0399193 0.0368440 0.0226649 0.0000000 0.0000010 0.0175548 0.0187037 0.0023904 0.0240051 0.1323183 0.0188536 0.0188536 0.0368440 0.0239366 0.0227735 0.0241209 0.0407288 0.0407288 0.0407288 0.0842675 0.0842675 0.0560521 0.1559488 0.1368840 0.0188486 0.0188462 0.0201888 0.0161069 0.0174041 0.1476633 0.0187037 0.0493973 0.1923616 0.0239121 0.1501207 0.1468992 0.1468992 0.1439160 0.1361801 0.1323539 0.1338893 0.1403174 0.1442762 0.1456730 0.1394572 0.1394572 0.1394572 0.1658510 0.1042987 0.0950782 0.1465921 0.1458978 0.1444115 0.1394336 0.1411926 0.1415839 0.1272149 0.1324756 0.1322793 0.1833028 0.1515289 0.1515289 0.1925403 0.1261434 0.1433475 0.1473172 0.1573068 0.0941491 0.1125044 0.0920201 0.0931009 0.0929363 0.0862041 0.0862041 0.0882523 0.0848817 0.0840477 0.0840477 0.1434054 0.0842899 0.0842899 0.0842899 0.1289568 0.1515560 0.1584044 0.1451851 0.1585591 0.1759062 0.0755313 0.0738848 0.0759809 0.1385413 0.1385413 0.0560521 0.0956179 0.0956179 0.0937336 0.0226649 0.1294085 0.1292054 0.1682079 0.1598719 0.1452368 0.1433275 0.1432904 0.1375603 0.1099389 0.1072074 0.1569672 0.1513093 0.1371187 0.1371187 0.1406407 0.1406407 0.1408719 0.1241378 0.1412447 0.1412447 0.1374392 0.1387392 0.1409713 0.1373337 0.1681957 0.1295385 0.1263229 0.1085202 0.1095157 0.0174577 0.0820405 0.0846065 0.0777060 0.1432695 0.1420587 0.1371285 0.1371285 0.0187787 0.1541636 0.1410788 0.1494348 0.1421895 0.1375766 0.1375766 0.1354516 0.1396305 0.1067360 0.0187037 0.1408184 0.1511266 0.1482177 0.0500047 0.1724694 
JX998053.1 0.1881348 0.1406386 0.1408674 0.1385250 0.1448055 0.1517733 0.1517733 0.0421299 0.0388605 0.0238510 0.0000010 0.0000000 0.0184694 0.0196724 0.0025087 0.0252659 0.1419400 0.0184694 0.0184694 0.0388605 0.0251897 0.0239716 0.0253946 0.0429562 0.0429562 0.0429562 0.0849618 0.0849618 0.0592387 0.1647972 0.1440885 0.0198323 0.0198297 0.0212473 0.0169354 0.0183025 0.1512540 0.0196724 0.0522245 0.2001851 0.0251624 0.1523304 0.1500117 0.1500117 0.1468967 0.1387911 0.1347904 0.1363915 0.1431333 0.1473250 0.1508213 0.1466889 0.1466889 0.1466889 0.1661010 0.1109062 0.1010333 0.1543816 0.1536940 0.1520394 0.1466625 0.1466625 0.1489699 0.1338384 0.1421389 0.1419127 0.1942921 0.1619952 0.1619952 0.1978693 0.1323790 0.1508532 0.1525532 0.1659742 0.1000855 0.1161150 0.0977843 0.0942458 0.0940712 0.0869915 0.0869915 0.0891409 0.0847299 0.0847299 0.0847299 0.1473250 0.0849841 0.0849841 0.0849841 0.1328956 0.1535306 0.1620195 0.1546553 0.1609588 0.1789446 0.0758127 0.0758127 0.0758127 0.1422074 0.1422074 0.0592387 0.0968708 0.0968708 0.0948921 0.0238510 0.1359341 0.1357065 0.1804079 0.1687293 0.1472539 0.1472539 0.1438134 0.1446723 0.1170561 0.1141859 0.1656163 0.1594400 0.1463775 0.1463775 0.1502478 0.1502478 0.1505107 0.1305929 0.1486616 0.1486616 0.1450297 0.1482123 0.1447256 0.1408516 0.1736165 0.1326328 0.1292187 0.1136825 0.1147992 0.0183619 0.0826252 0.0853184 0.0798367 0.1529817 0.1519700 0.1406386 0.1406386 0.0197556 0.1625472 0.1448055 0.1515720 0.1496892 0.1446823 0.1446823 0.1424020 0.1471773 0.1137106 0.0196724 0.1455865 0.1615354 0.1583388 0.0521234 0.1783622 
JX998054.1 0.1736686 0.1308471 0.1283971 0.1262411 0.1382105 0.1411125 0.1411125 0.0328278 0.0326822 0.0228161 0.0175548 0.0184694 0.0000000 0.0124483 0.0149487 0.0214798 0.1234096 0.0011914 0.0011914 0.0326822 0.0149953 0.0150112 0.0163178 0.0451831 0.0451831 0.0451831 0.0713497 0.0713497 0.0469068 0.1504765 0.1320963 0.0189367 0.0189343 0.0202836 0.0110781 0.0098164 0.1327671 0.0124483 0.0432180 0.1895756 0.0175908 0.1392229 0.1404851 0.1404851 0.1410005 0.1298742 0.1342959 0.1358275 0.1378698 0.1425235 0.1292139 0.1346958 0.1346958 0.1346958 0.1517852 0.0940141 0.0840497 0.1415941 0.1408867 0.1394803 0.1346735 0.1362762 0.1367588 0.1213995 0.1235403 0.1233601 0.1818163 0.1399787 0.1399787 0.1744200 0.1257345 0.1384752 0.1421492 0.1519339 0.0841744 0.0999009 0.0856930 0.0837399 0.0835938 0.0731921 0.0731921 0.0751139 0.0718528 0.0711685 0.0711685 0.1416712 0.0713895 0.0713895 0.0713895 0.1226597 0.1406737 0.1471188 0.1338349 0.1477880 0.1615952 0.0630479 0.0614749 0.0634138 0.1321118 0.1321118 0.0469068 0.0800287 0.0800287 0.0782605 0.0228161 0.1249342 0.1247434 0.1613296 0.1535092 0.1386616 0.1368516 0.1332143 0.1328450 0.1019002 0.0991676 0.1516012 0.1435477 0.1382248 0.1382248 0.1294566 0.1294566 0.1296654 0.1183436 0.1393606 0.1393606 0.1356312 0.1276030 0.1318895 0.1284110 0.1530209 0.1233574 0.1202321 0.1000929 0.1027619 0.0073503 0.0692949 0.0716479 0.0650731 0.1405147 0.1283881 0.1308471 0.1308471 0.0111196 0.1480270 0.1382105 0.1384386 0.1455368 0.1328651 0.1328651 0.1308044 0.1256143 0.0923817 0.0124483 0.1275492 0.1434662 0.1406732 0.0467983 0.1754416 
JX998058.1 0.1641129 0.1308905 0.1310876 0.1289342 0.1343315 0.1414887 0.1414887 0.0342615 0.0341090 0.0189631 0.0187037 0.0196724 0.0124483 0.0000000 0.0187037 0.0176435 0.1197478 0.0137256 0.0137256 0.0341090 0.0122131 0.0124188 0.0137068 0.0420854 0.0420854 0.0420854 0.0768578 0.0768578 0.0442725 0.1578768 0.1429952 0.0200850 0.0200825 0.0214291 0.0097485 0.0085035 0.1350441 0.0000010 0.0390920 0.1886593 0.0147355 0.1391727 0.1404211 0.1404211 0.1370562 0.1257092 0.1343009 0.1358153 0.1378347 0.1405616 0.1378257 0.1428800 0.1428800 0.1428800 0.1527118 0.1033744 0.0931614 0.1499765 0.1493110 0.1478121 0.1428561 0.1446766 0.1449909 0.1265965 0.1198670 0.1196951 0.1774863 0.1364651 0.1364651 0.1687512 0.1294099 0.1467375 0.1463074 0.1606356 0.0874025 0.1123300 0.0948563 0.0931615 0.0929970 0.0785363 0.0785363 0.0805072 0.0774083 0.0766603 0.0766603 0.1397333 0.0802049 0.0802049 0.0802049 0.1287036 0.1406075 0.1542845 0.1304110 0.1467744 0.1533793 0.0716018 0.0699832 0.0720235 0.1278408 0.1278408 0.0442725 0.0913105 0.0913105 0.0894621 0.0189631 0.1329110 0.1327044 0.1553875 0.1648214 0.1386167 0.1368277 0.1343108 0.1410049 0.1051067 0.1023926 0.1603013 0.1399533 0.1389571 0.1389571 0.1261036 0.1261036 0.1263049 0.1235219 0.1501707 0.1501707 0.1464957 0.1283869 0.1345884 0.1310957 0.1587330 0.1234842 0.1203924 0.1056104 0.1083731 0.0098408 0.0747281 0.0769723 0.0737236 0.1370262 0.1241162 0.1308905 0.1308905 0.0097845 0.1591268 0.1343315 0.1383968 0.1467155 0.1410178 0.1410178 0.1389073 0.1277697 0.0910931 0.0000010 0.1281367 0.1399176 0.1371843 0.0425868 0.1851430 
KJ466435.1 0.1748433 0.1298590 0.1300528 0.1279195 0.1336825 0.1399050 0.1399050 0.0399193 0.0368440 0.0226649 0.0023904 0.0025087 0.0149487 0.0187037 0.0000000 0.0235889 0.1248733 0.0159547 0.0159547 0.0361808 0.0209124 0.0223779 0.0237006 0.0400476 0.0399964 0.0399964 0.0790455 0.0790455 0.0550082 0.1524036 0.1338967 0.0185235 0.0185212 0.0198392 0.0133119 0.0145699 0.1409572 0.0183835 0.0489960 0.1817634 0.0208917 0.1456480 0.1424844 0.1424844 0.1395102 0.1318398 0.1280351 0.1295690 0.1359306 0.1414568 0.1410586 0.1363874 0.1363874 0.1363874 0.1555893 0.0984828 0.0895709 0.1433286 0.1426295 0.1412037 0.1363649 0.1390955 0.1384609 0.1203256 0.1250058 0.1248263 0.1837896 0.1438596 0.1438596 0.1857087 0.1193750 0.1419223 0.1450889 0.1537389 0.0886332 0.1075314 0.0865945 0.0874835 0.0873326 0.0809164 0.0812601 0.0828833 0.0806836 0.0788447 0.0794097 0.1374345 0.0790755 0.0790755 0.0801436 0.1239423 0.1437941 0.1539108 0.1408375 0.1503752 0.1692760 0.0706104 0.0690169 0.0715158 0.1310782 0.1310782 0.0550082 0.0906497 0.0899901 0.0907117 0.0224413 0.1265818 0.1263876 0.1613254 0.1565007 0.1407105 0.1387151 0.1385473 0.1345311 0.1038498 0.1011626 0.1539185 0.1457031 0.1341332 0.1341332 0.1333608 0.1333608 0.1335743 0.1173036 0.1381079 0.1381079 0.1354039 0.1315166 0.1335158 0.1300630 0.1595977 0.1225168 0.1194589 0.1024119 0.1033182 0.0147224 0.0769206 0.0793638 0.0726948 0.1405544 0.1346392 0.1298590 0.1298590 0.0158923 0.1511945 0.1336825 0.1427504 0.1344288 0.1345498 0.1345498 0.1344100 0.1320690 0.1006883 0.0183835 0.1344959 0.1434890 0.1407223 0.0496739 0.1683059 
KJ466436.1 0.1808183 0.1410376 0.1412538 0.1390468 0.1434744 0.1445280 0.1445280 0.0442549 0.0440527 0.0011927 0.0240051 0.0252659 0.0214798 0.0176435 0.0235889 0.0000000 0.1322934 0.0224012 0.0224012 0.0432491 0.0251793 0.0145526 0.0158171 0.0415604 0.0415070 0.0415070 0.0820893 0.0820893 0.0489823 0.1508394 0.1430940 0.0250431 0.0250400 0.0264049 0.0183760 0.0170980 0.1508836 0.0173385 0.0443203 0.2081773 0.0278464 0.1489592 0.1502121 0.1502121 0.1496976 0.1433641 0.1355073 0.1370529 0.1516316 0.1524620 0.1391668 0.1526315 0.1526315 0.1526315 0.1704187 0.1066031 0.0964820 0.1599006 0.1592920 0.1576959 0.1526058 0.1559041 0.1547805 0.1224101 0.1324350 0.1322441 0.1880227 0.1548205 0.1548205 0.2033734 0.1371567 0.1545643 0.1623416 0.1708380 0.0966415 0.1196204 0.0981660 0.0965974 0.0964292 0.0838391 0.0841959 0.0858250 0.0842498 0.0823173 0.0829112 0.1480679 0.0836480 0.0836480 0.0847805 0.1357425 0.1548875 0.1515777 0.1519209 0.1569479 0.1680367 0.0766956 0.0750815 0.0776829 0.1465068 0.1465068 0.0489823 0.0953921 0.0946959 0.0954530 0.0011815 0.1425014 0.1422774 0.1656610 0.1748586 0.1527628 0.1504216 0.1483817 0.1507451 0.1121779 0.1095121 0.1670183 0.1609779 0.1528796 0.1528796 0.1440255 0.1440255 0.1442592 0.1193761 0.1536251 0.1536251 0.1511651 0.1421446 0.1448875 0.1412379 0.1657537 0.1373526 0.1340790 0.1054314 0.1063731 0.0198741 0.0819820 0.0855964 0.0788317 0.1556968 0.1294526 0.1410376 0.1410376 0.0171896 0.1612552 0.1434744 0.1540638 0.1443678 0.1507481 0.1507481 0.1507918 0.1414475 0.1024636 0.0173385 0.1373008 0.1583205 0.1553801 0.0449241 0.1857726 
KJ466438.1 0.2051370 0.1713140 0.1689683 0.1688953 0.1651072 0.1814421 0.1814421 0.1475328 0.1419445 0.1331660 0.1323183 0.1419400 0.1234096 0.1197478 0.1248733 0.1322934 0.0000000 0.1225325 0.1225325 0.1386245 0.1210871 0.1288890 0.1294375 0.1585779 0.1582995 0.1582995 0.1404360 0.1404360 0.1607476 0.1948692 0.1802371 0.1269383 0.1258061 0.1311681 0.1220483 0.1242116 0.1478164 0.1170311 0.1428751 0.1589327 0.1230538 0.1692104 0.1704717 0.1704717 0.1724636 0.1732880 0.1751753 0.1767744 0.1806541 0.1723013 0.1668576 0.1846166 0.1846166 0.1846166 0.2038248 0.1383134 0.1352108 0.1936416 0.1932027 0.1911412 0.1845827 0.1892983 0.1870395 0.1942436 0.0000010 0.0011853 0.2215410 0.1754762 0.1754762 0.2364247 0.1393995 0.1883087 0.1941277 0.2079583 0.1221621 0.1728435 0.1161614 0.1316082 0.1344786 0.1400859 0.1407851 0.1427289 0.1490420 0.1449932 0.1462381 0.1670751 0.1417055 0.1417055 0.1439460 0.1269317 0.1800882 0.1445863 0.1746992 0.1864749 0.1926666 0.1363000 0.1342597 0.1383664 0.1646907 0.1646907 0.1607476 0.1609145 0.1595336 0.1609460 0.1314127 0.1781396 0.1735681 0.1983585 0.2257552 0.1862057 0.1827034 0.1843561 0.1776733 0.1419310 0.1411368 0.2004827 0.1764219 0.1761766 0.1761766 0.1658151 0.1658151 0.1661042 0.1933140 0.1824990 0.1824990 0.1804186 0.1685202 0.1721174 0.1678625 0.1445042 0.1594104 0.1600849 0.1090774 0.1030167 0.1170141 0.1401573 0.1362052 0.1342328 0.1666382 0.1514499 0.1713140 0.1713140 0.1242116 0.2065928 0.1651072 0.1794776 0.1413373 0.1706064 0.1706064 0.1708996 0.1381554 0.1301616 0.1170311 0.1353247 0.1765650 0.1731875 0.1502454 0.2314494 
KJ466443.1 0.1684509 0.1271319 0.1247605 0.1226707 0.1343019 0.1370514 0.1370514 0.0342214 0.0340691 0.0241412 0.0188536 0.0184694 0.0011914 0.0137256 0.0159547 0.0224012 0.1225325 0.0000000 0.0000010 0.0334580 0.0160032 0.0160208 0.0173113 0.0458305 0.0457711 0.0457711 0.0694689 0.0694689 0.0474710 0.1452180 0.1274649 0.0198954 0.0198930 0.0212260 0.0121292 0.0108827 0.1329748 0.0134905 0.0443162 0.1893045 0.0185652 0.1383304 0.1395906 0.1395906 0.1401033 0.1290256 0.1334213 0.1349483 0.1369817 0.1416054 0.1312201 0.1336531 0.1336531 0.1336531 0.1471554 0.0937868 0.0840036 0.1404015 0.1397011 0.1383327 0.1336315 0.1362146 0.1356731 0.1169426 0.1226582 0.1224831 0.1756756 0.1388117 0.1388117 0.1744200 0.1248662 0.1390201 0.1420103 0.1505073 0.0841260 0.1021385 0.0856172 0.0814639 0.0813252 0.0712593 0.0715540 0.0731231 0.0708682 0.0692968 0.0697795 0.1376071 0.0695098 0.0695098 0.0704245 0.1217623 0.1366773 0.1490656 0.1357547 0.1435285 0.1602075 0.0613983 0.0598677 0.0621648 0.1282852 0.1282852 0.0474710 0.0784568 0.0779048 0.0785190 0.0239010 0.1240910 0.1239052 0.1612703 0.1522993 0.1377503 0.1358424 0.1332143 0.1318386 0.1015176 0.0988349 0.1506719 0.1424348 0.1371059 0.1371059 0.1285120 0.1285120 0.1287152 0.1139382 0.1382167 0.1382167 0.1355780 0.1266957 0.1281280 0.1247815 0.1515342 0.1198545 0.1168440 0.0962980 0.0988596 0.0085132 0.0674803 0.0697548 0.0633614 0.1397579 0.1276392 0.1271319 0.1271319 0.0121741 0.1471688 0.1343019 0.1355022 0.1441763 0.1318592 0.1318592 0.1316929 0.1247242 0.0921774 0.0134905 0.1264083 0.1422306 0.1395031 0.0464913 0.1702352 
KJ466447.1 0.1684509 0.1271319 0.1247605 0.1226707 0.1343019 0.1370514 0.1370514 0.0342214 0.0340691 0.0241412 0.0188536 0.0184694 0.0011914 0.0137256 0.0159547 0.0224012 0.1225325 0.0000010 0.0000000 0.0334580 0.0160032 0.0160208 0.0173113 0.0458305 0.0457711 0.0457711 0.0694689 0.0694689 0.0474710 0.1452180 0.1274649 0.0198954 0.0198930 0.0212260 0.0121292 0.0108827 0.1329748 0.0134905 0.0443162 0.1893045 0.0185652 0.1383304 0.1395906 0.1395906 0.1401033 0.1290256 0.1334213 0.1349483 0.1369817 0.1416054 0.1312201 0.1336531 0.1336531 0.1336531 0.1471554 0.0937868 0.0840036 0.1404015 0.1397011 0.1383327 0.1336315 0.1362146 0.1356731 0.1169426 0.1226582 0.1224831 0.1756756 0.1388117 0.1388117 0.1744200 0.1248662 0.1390201 0.1420103 0.1505073 0.0841260 0.1021385 0.0856172 0.0814639 0.0813252 0.0712593 0.0715540 0.0731231 0.0708682 0.0692968 0.0697795 0.1376071 0.0695098 0.0695098 0.0704245 0.1217623 0.1366773 0.1490656 0.1357547 0.1435285 0.1602075 0.0613983 0.0598677 0.0621648 0.1282852 0.1282852 0.0474710 0.0784568 0.0779048 0.0785190 0.0239010 0.1240910 0.1239052 0.1612703 0.1522993 0.1377503 0.1358424 0.1332143 0.1318386 0.1015176 0.0988349 0.1506719 0.1424348 0.1371059 0.1371059 0.1285120 0.1285120 0.1287152 0.1139382 0.1382167 0.1382167 0.1355780 0.1266957 0.1281280 0.1247815 0.1515342 0.1198545 0.1168440 0.0962980 0.0988596 0.0085132 0.0674803 0.0697548 0.0633614 0.1397579 0.1276392 0.1271319 0.1271319 0.0121741 0.1471688 0.1343019 0.1355022 0.1441763 0.1318592 0.1318592 0.1316929 0.1247242 0.0921774 0.0134905 0.1264083 0.1422306 0.1395031 0.0464913 0.1702352 
KJ466452.1 0.1832983 0.1353917 0.1361627 0.1339655 0.1481963 0.1508459 0.1508459 0.0023934 0.0000010 0.0425706 0.0368440 0.0388605 0.0326822 0.0341090 0.0361808 0.0432491 0.1386245 0.0334580 0.0334580 0.0000000 0.0374681 0.0377609 0.0391962 0.0550759 0.0550027 0.0550027 0.0949693 0.0949693 0.0700806 0.1606725 0.1424948 0.0433904 0.0433846 0.0448998 0.0346282 0.0360312 0.1501037 0.0334971 0.0640910 0.1877851 0.0346926 0.1420898 0.1433719 0.1433719 0.1546334 0.1405913 0.1421218 0.1436650 0.1417354 0.1465870 0.1495075 0.1356913 0.1356913 0.1356913 0.1553681 0.1229274 0.1158853 0.1426918 0.1419818 0.1405475 0.1394974 0.1423627 0.1377830 0.1210913 0.1410469 0.1430839 0.1787798 0.1571143 0.1571143 0.2005887 0.1482580 0.1614922 0.1485000 0.1572051 0.1058958 0.1381915 0.1141360 0.1048119 0.1046275 0.0969289 0.0973505 0.1005126 0.0969866 0.0947221 0.0954185 0.1423668 0.0938906 0.0938906 0.0951914 0.1434597 0.1502717 0.1604613 0.1502689 0.1598854 0.1746424 0.0860973 0.0844317 0.0872263 0.1417729 0.1417729 0.0700806 0.1012902 0.1005429 0.1035339 0.0421293 0.1414170 0.1411935 0.1718245 0.1827982 0.1467358 0.1445571 0.1376228 0.1338173 0.1180416 0.1153437 0.1660376 0.1512948 0.1469655 0.1469655 0.1462581 0.1462581 0.1464960 0.1199105 0.1525890 0.1525890 0.1500948 0.1405324 0.1353999 0.1318729 0.1731823 0.1326908 0.1294459 0.1184710 0.1180165 0.0336404 0.0926547 0.0953297 0.0883378 0.1492986 0.1299237 0.1353917 0.1353917 0.0362381 0.1606704 0.1481963 0.1392847 0.1438167 0.1540963 0.1540963 0.1541793 0.1406653 0.1145158 0.0334971 0.1440070 0.1489029 0.1460534 0.0683837 0.2005803 
KJ466462.1 0.1569432 0.1278578 0.1280455 0.1259500 0.1312226 0.1338808 0.1338808 0.0383264 0.0381546 0.0269957 0.0239366 0.0251897 0.0149953 0.0122131 0.0209124 0.0251793 0.1210871 0.0160032 0.0160032 0.0374681 0.0000000 0.0224427 0.0237686 0.0498553 0.0497906 0.0497906 0.0720148 0.0720148 0.0533171 0.1656592 0.1462570 0.0249234 0.0249203 0.0262776 0.0170217 0.0157574 0.1349984 0.0120081 0.0491166 0.1860105 0.0047226 0.1346909 0.1359447 0.1359447 0.1368713 0.1255425 0.1341188 0.1356313 0.1376475 0.1360231 0.1331526 0.1313510 0.1313510 0.1313510 0.1488475 0.1011495 0.0911723 0.1380612 0.1373477 0.1360011 0.1313298 0.1338383 0.1333624 0.1273926 0.1212076 0.1210367 0.1772366 0.1292466 0.1292466 0.1652365 0.1224099 0.1366758 0.1352779 0.1481084 0.0822968 0.1072039 0.0928259 0.0911049 0.0909473 0.0768761 0.0771985 0.0787966 0.0767761 0.0750439 0.0755761 0.1322452 0.0752681 0.0752681 0.0762751 0.1275919 0.1369116 0.1526425 0.1261126 0.1437150 0.1486889 0.0701040 0.0685221 0.0709968 0.1248326 0.1248326 0.0533171 0.0863834 0.0857629 0.0900481 0.0267245 0.1218276 0.1216458 0.1486753 0.1567487 0.1384241 0.1365160 0.1341159 0.1295395 0.1028107 0.0984337 0.1482650 0.1344691 0.1276827 0.1276827 0.1192709 0.1192709 0.1194560 0.1243838 0.1382686 0.1382686 0.1356271 0.1214582 0.1272785 0.1239686 0.1594030 0.1206360 0.1176420 0.1017763 0.1044304 0.0122284 0.0699777 0.0753461 0.0721710 0.1302290 0.1255787 0.1278578 0.1278578 0.0170858 0.1472348 0.1312226 0.1361768 0.1413257 0.1336434 0.1336434 0.1334962 0.1266381 0.0912725 0.0120081 0.1271343 0.1326064 0.1300094 0.0529277 0.1756084 
KJ466467.1 0.1687714 0.1354183 0.1356216 0.1334682 0.1426588 0.1455971 0.1455971 0.0386333 0.0384586 0.0160872 0.0227735 0.0239716 0.0150112 0.0124188 0.0223779 0.0145526 0.1288890 0.0160208 0.0160208 0.0377609 0.0224427 0.0000000 0.0011717 0.0445583 0.0445005 0.0445005 0.0758632 0.0758632 0.0446148 0.1526682 0.1385396 0.0237781 0.0237752 0.0225176 0.0121319 0.0108849 0.1385944 0.0122070 0.0370718 0.1967422 0.0250723 0.1430285 0.1442797 0.1442797 0.1447984 0.1375529 0.1420590 0.1435815 0.1456357 0.1504062 0.1413721 0.1430578 0.1430578 0.1430578 0.1659697 0.0986951 0.0888295 0.1500680 0.1494115 0.1479304 0.1430342 0.1459682 0.1451432 0.1207834 0.1260758 0.1258957 0.1685408 0.1451565 0.1451565 0.1925863 0.1318356 0.1486827 0.1520823 0.1605918 0.0889649 0.1119645 0.0904620 0.0817282 0.0815889 0.0796970 0.0800310 0.0816310 0.0778199 0.0760741 0.0766106 0.1461342 0.0762982 0.0762982 0.0773130 0.1341920 0.1451067 0.1547084 0.1421676 0.1469094 0.1630121 0.0695507 0.0679811 0.0704303 0.1367575 0.1367575 0.0446148 0.0807536 0.0801808 0.0808160 0.0159312 0.1332073 0.1330026 0.1647235 0.1644921 0.1466080 0.1444618 0.1447410 0.1412057 0.0969158 0.0942584 0.1568285 0.1509450 0.1354479 0.1354479 0.1346868 0.1346868 0.1349015 0.1177838 0.1477990 0.1477990 0.1452762 0.1328492 0.1391420 0.1356193 0.1619848 0.1280325 0.1249133 0.1042457 0.1069547 0.0135299 0.0757687 0.0781662 0.0715993 0.1380912 0.1269904 0.1354183 0.1354183 0.0096152 0.1508127 0.1426588 0.1440950 0.1474936 0.1412182 0.1412182 0.1411536 0.1299411 0.0935483 0.0122070 0.1347392 0.1485990 0.1457953 0.0419813 0.1870096 
KJ466468.1 0.1694708 0.1375540 0.1361681 0.1340063 0.1432274 0.1461864 0.1461864 0.0401050 0.0399228 0.0173826 0.0241209 0.0253946 0.0163178 0.0137068 0.0237006 0.0158171 0.1294375 0.0173113 0.0173113 0.0391962 0.0237686 0.0011717 0.0000000 0.0460266 0.0459667 0.0459667 0.0758632 0.0758632 0.0460824 0.1532804 0.1390846 0.0238629 0.0238599 0.0225979 0.0133894 0.0121344 0.1391868 0.0134722 0.0385300 0.2004245 0.0264139 0.1436152 0.1448685 0.1448685 0.1453892 0.1397529 0.1426454 0.1441716 0.1478752 0.1501014 0.1419784 0.1436215 0.1436215 0.1436215 0.1669485 0.1005159 0.0906030 0.1506605 0.1500056 0.1485148 0.1435977 0.1465587 0.1457146 0.1228250 0.1266100 0.1264285 0.1692103 0.1457298 0.1457298 0.1936639 0.1323628 0.1492725 0.1527039 0.1612285 0.0907437 0.1144845 0.0922453 0.0817282 0.0815889 0.0796970 0.0800310 0.0816310 0.0778199 0.0760741 0.0766106 0.1458353 0.0762982 0.0762982 0.0773130 0.1347258 0.1448106 0.1553273 0.1427401 0.1475078 0.1637240 0.0695507 0.0679811 0.0704303 0.1364538 0.1364538 0.0460824 0.0807536 0.0801808 0.0808160 0.0172134 0.1337349 0.1335287 0.1647235 0.1651430 0.1489022 0.1466920 0.1471463 0.1417637 0.0987529 0.0960947 0.1574549 0.1515512 0.1359805 0.1359805 0.1352202 0.1352202 0.1354364 0.1198244 0.1475069 0.1475069 0.1449774 0.1333764 0.1388422 0.1353218 0.1643436 0.1277346 0.1269850 0.1046604 0.1073841 0.0148095 0.0757687 0.0781662 0.0715993 0.1386353 0.1291344 0.1375540 0.1375540 0.0108525 0.1514121 0.1432274 0.1446838 0.1497778 0.1417757 0.1417757 0.1417172 0.1304761 0.0939183 0.0134722 0.1372735 0.1491823 0.1463652 0.0434895 0.1877749 
KJ466471.1 0.1732685 0.1525600 0.1485831 0.1463402 0.1605355 0.1564530 0.1564530 0.0594557 0.0560455 0.0408084 0.0407288 0.0429562 0.0451831 0.0420854 0.0400476 0.0415604 0.1585779 0.0458305 0.0458305 0.0550759 0.0498553 0.0445583 0.0460266 0.0000000 0.0000010 0.0000010 0.1055486 0.1055486 0.0614692 0.1586739 0.1486964 0.0474280 0.0474217 0.0489606 0.0385050 0.0399657 0.1635492 0.0413808 0.0555416 0.2239803 0.0497986 0.1614268 0.1580424 0.1580424 0.1670630 0.1486114 0.1470209 0.1485587 0.1633928 0.1608889 0.1678031 0.1515613 0.1515613 0.1515613 0.1684145 0.1130264 0.1061260 0.1543995 0.1537579 0.1522122 0.1554435 0.1588538 0.1537163 0.1238889 0.1587733 0.1585337 0.1828524 0.1598034 0.1598034 0.2161236 0.1494655 0.1592350 0.1612559 0.1698071 0.0967239 0.1290049 0.1094773 0.1065408 0.1063528 0.1075604 0.1078694 0.1097419 0.1075152 0.1051345 0.1057565 0.1564881 0.1044650 0.1044650 0.1057672 0.1506497 0.1741645 0.1765460 0.1612225 0.1487706 0.1638014 0.0964019 0.0946920 0.0976823 0.1545344 0.1545344 0.0614692 0.1127466 0.1120729 0.1129778 0.0403891 0.1409656 0.1450214 0.1804765 0.1722835 0.1648194 0.1624240 0.1563154 0.1453258 0.1194473 0.1185821 0.1507647 0.1658697 0.1577869 0.1577869 0.1488464 0.1488464 0.1469007 0.1246192 0.1404015 0.1404015 0.1377280 0.1469442 0.1476534 0.1439738 0.1682988 0.1448710 0.1414952 0.1276275 0.1286665 0.0460711 0.1031088 0.1059339 0.0987390 0.1603942 0.1523726 0.1525600 0.1525600 0.0401968 0.1630846 0.1605355 0.1627661 0.1477536 0.1492046 0.1492046 0.1489846 0.1535900 0.1192532 0.0413808 0.1512312 0.1633306 0.1603203 0.0563257 0.1918682 
KJ466472.1 0.1729640 0.1523071 0.1483373 0.1460987 0.1602685 0.1561903 0.1561903 0.0594557 0.0560455 0.0408084 0.0407288 0.0429562 0.0451831 0.0420854 0.0399964 0.0415070 0.1582995 0.0457711 0.0457711 0.0550027 0.0497906 0.0445005 0.0459667 0.0000010 0.0000000 0.0000010 0.1053883 0.1053883 0.0613860 0.1584088 0.1484563 0.0473662 0.0473599 0.0488965 0.0384562 0.0399148 0.1635492 0.0413279 0.0555416 0.2239803 0.0497340 0.1614268 0.1580424 0.1580424 0.1670630 0.1486114 0.1470209 0.1485587 0.1633928 0.1608889 0.1678031 0.1513134 0.1513134 0.1513134 0.1679973 0.1128553 0.1059663 0.1541453 0.1535032 0.1519622 0.1551889 0.1585855 0.1534644 0.1236913 0.1584941 0.1582552 0.1825383 0.1595399 0.1595399 0.2161236 0.1492258 0.1592350 0.1609786 0.1695208 0.0965809 0.1290049 0.1093121 0.1063753 0.1061879 0.1073966 0.1078694 0.1095741 0.1075152 0.1049754 0.1057565 0.1562248 0.1043061 0.1043061 0.1057672 0.1506497 0.1738693 0.1765460 0.1612225 0.1485186 0.1638014 0.0962574 0.0945503 0.0975340 0.1542724 0.1542724 0.0613860 0.1127466 0.1119004 0.1128027 0.0403891 0.1407378 0.1447861 0.1804765 0.1719920 0.1648194 0.1621464 0.1563154 0.1450893 0.1192621 0.1183970 0.1505163 0.1658697 0.1575296 0.1575296 0.1486036 0.1486036 0.1466613 0.1244191 0.1401734 0.1401734 0.1375002 0.1467047 0.1474086 0.1437378 0.1680094 0.1446320 0.1412640 0.1274278 0.1284631 0.0460711 0.1029535 0.1057727 0.0985901 0.1603942 0.1521119 0.1523071 0.1523071 0.0401453 0.1628114 0.1602685 0.1624874 0.1475016 0.1489616 0.1489616 0.1489846 0.1533283 0.1190648 0.0413279 0.1512312 0.1630617 0.1600584 0.0563257 0.1915231 
