24
A_altipes              0.0000000 0.0623801 0.1547939 0.1454116 0.4075505 0.4112210 0.3968185 0.3736646 0.4290135 0.4314651 0.6548249 0.6360999 0.6029681 0.4804952 0.4854645 0.4693962 0.4403572 0.5867748 0.5720033 0.5712129 0.4863761 0.4967134 0.5729802 0.5765609 
A_pantherina           0.0623801 0.0000000 0.1391510 0.1235262 0.4071720 0.4015938 0.3854948 0.3604963 0.3929330 0.3809579 0.6815655 0.6618793 0.5982771 0.5321376 0.5167808 0.4975334 0.4798172 0.6084968 0.5958529 0.6082193 0.4828027 0.5388964 0.5315663 0.5314046 
A_elata                0.1547939 0.1391510 0.0000000 0.1803420 0.4454480 0.4422105 0.4124790 0.3929148 0.4306396 0.4264064 0.6143053 0.5896722 0.5684244 0.5014250 0.4289278 0.4378862 0.3915298 0.5797574 0.5653457 0.5477147 0.4756580 0.4749025 0.5031523 0.5318350 
A_farinosa             0.1454116 0.1235262 0.1803420 0.0000000 0.3838151 0.3917170 0.3787972 0.3482602 0.3562890 0.4038954 0.6958386 0.6852367 0.6608522 0.5350401 0.4976071 0.4915423 0.5051727 0.6139184 0.6256700 0.6170154 0.4976146 0.5076403 0.5487464 0.5649302 
A_aff_brunneofuliginea 0.4075505 0.4071720 0.4454480 0.3838151 0.0000000 0.0063048 0.0258312 0.0403265 0.0712813 0.2613136 0.5083779 0.4920501 0.4679701 0.4507398 0.4007932 0.4153127 0.4667265 0.5721138 0.5599973 0.5567235 0.4238211 0.4098821 0.4777669 0.5285403 
A_brunneofuliginea     0.4112210 0.4015938 0.4422105 0.3917170 0.0063048 0.0000000 0.0255016 0.0416844 0.0691875 0.2512538 0.5010254 0.4947549 0.4710008 0.4596783 0.3911927 0.4004556 0.4537184 0.5794419 0.5635927 0.5641751 0.4302152 0.4244759 0.4613307 0.5299522 
A_chiui                0.3968185 0.3854948 0.4124790 0.3787972 0.0258312 0.0255016 0.0000000 0.0396406 0.0721852 0.2678920 0.4550750 0.4523408 0.4533503 0.4211422 0.3859815 0.3970175 0.4353118 0.5197118 0.4996528 0.5066063 0.4173337 0.4092288 0.4790566 0.5450812 
A_battarrae            0.3736646 0.3604963 0.3929148 0.3482602 0.0403265 0.0416844 0.0396406 0.0000000 0.0590586 0.2752509 0.5204787 0.5204129 0.4743173 0.4534204 0.4093533 0.4223763 0.4570798 0.5809863 0.5720891 0.5750883 0.4561642 0.4499892 0.4829686 0.5116503 
A_fulva                0.4290135 0.3929330 0.4306396 0.3562890 0.0712813 0.0691875 0.0721852 0.0590586 0.0000000 0.2747191 0.4430697 0.4743040 0.4512580 0.4452155 0.3914234 0.3875173 0.4576335 0.5351600 0.5171292 0.5176986 0.4185982 0.4434958 0.4693951 0.5159742 
A_imazekii             0.4314651 0.3809579 0.4264064 0.4038954 0.2613136 0.2512538 0.2678920 0.2752509 0.2747191 0.0000000 0.5076174 0.5448831 0.4885226 0.4191246 0.3720231 0.3636577 0.4032392 0.4909785 0.4686064 0.4582583 0.4211942 0.4274259 0.3744396 0.5432820 
A_citrinoannulata      0.6548249 0.6815655 0.6143053 0.6958386 0.5083779 0.5010254 0.4550750 0.5204787 0.4430697 0.5076174 0.0000000 0.0369645 0.0508093 0.1457832 0.2494929 0.2399422 0.2361266 0.4207369 0.3816108 0.3675554 0.3240503 0.3119187 0.4099664 0.6236392 
A_citrinoindusiata     0.6360999 0.6618793 0.5896722 0.6852367 0.4920501 0.4947549 0.4523408 0.5204129 0.4743040 0.5448831 0.0369645 0.0000000 0.0430264 0.1465348 0.2297733 0.2260199 0.2225058 0.4248043 0.3873629 0.3586154 0.3331438 0.3173707 0.4023807 0.6182191 
A_flavipes             0.6029681 0.5982771 0.5684244 0.6608522 0.4679701 0.4710008 0.4533503 0.4743173 0.4512580 0.4885226 0.0508093 0.0430264 0.0000000 0.1471022 0.2096994 0.2072612 0.2240100 0.4589116 0.4172072 0.3931143 0.3202965 0.2888937 0.3915465 0.6047025 
A_citrina              0.4804952 0.5321376 0.5014250 0.5350401 0.4507398 0.4596783 0.4211422 0.4534204 0.4452155 0.4191246 0.1457832 0.1465348 0.1471022 0.0000000 0.1725391 0.1668286 0.1865089 0.2984316 0.2849079 0.2530221 0.2793207 0.2741405 0.3666912 0.5434327 
A_aspericeps           0.4854645 0.5167808 0.4289278 0.4976071 0.4007932 0.3911927 0.3859815 0.4093533 0.3914234 0.3720231 0.2494929 0.2297733 0.2096994 0.1725391 0.0000000 0.0345873 0.0909907 0.2640818 0.2394401 0.2333440 0.2342501 0.1956437 0.2374595 0.4344265 
A_cinereopannosa       0.4693962 0.4975334 0.4378862 0.4915423 0.4153127 0.4004556 0.3970175 0.4223763 0.3875173 0.3636577 0.2399422 0.2260199 0.2072612 0.1668286 0.0345873 0.0000000 0.0946505 0.2723614 0.2472742 0.2378041 0.2355156 0.1936520 0.2299646 0.4216882 
A_strobiliformis       0.4403572 0.4798172 0.3915298 0.5051727 0.4667265 0.4537184 0.4353118 0.4570798 0.4576335 0.4032392 0.2361266 0.2225058 0.2240100 0.1865089 0.0909907 0.0946505 0.0000000 0.2853232 0.2661093 0.2604301 0.2744089 0.2100761 0.2607986 0.4612382 
A_ocreata              0.5867748 0.6084968 0.5797574 0.6139184 0.5721138 0.5794419 0.5197118 0.5809863 0.5351600 0.4909785 0.4207369 0.4248043 0.4589116 0.2984316 0.2640818 0.2723614 0.2853232 0.0000000 0.0262603 0.0620621 0.3821905 0.3954676 0.4271686 0.5380943 
A_virosa               0.5720033 0.5958529 0.5653457 0.6256700 0.5599973 0.5635927 0.4996528 0.5720891 0.5171292 0.4686064 0.3816108 0.3873629 0.4172072 0.2849079 0.2394401 0.2472742 0.2661093 0.0262603 0.0000000 0.0591363 0.3707499 0.3758602 0.4061735 0.5571275 
A_suballiacea          0.5712129 0.6082193 0.5477147 0.6170154 0.5567235 0.5641751 0.5066063 0.5750883 0.5176986 0.4582583 0.3675554 0.3586154 0.3931143 0.2530221 0.2333440 0.2378041 0.2604301 0.0620621 0.0591363 0.0000000 0.3458671 0.3668750 0.4145379 0.5421777 
A_caojizong            0.4863761 0.4828027 0.4756580 0.4976146 0.4238211 0.4302152 0.4173337 0.4561642 0.4185982 0.4211942 0.3240503 0.3331438 0.3202965 0.2793207 0.2342501 0.2355156 0.2744089 0.3821905 0.3707499 0.3458671 0.0000000 0.1330919 0.2991680 0.5770845 
A_eijii                0.4967134 0.5388964 0.4749025 0.5076403 0.4098821 0.4244759 0.4092288 0.4499892 0.4434958 0.4274259 0.3119187 0.3173707 0.2888937 0.2741405 0.1956437 0.1936520 0.2100761 0.3954676 0.3758602 0.3668750 0.1330919 0.0000000 0.2731771 0.6185573 
A_avellaneosquamosa    0.5729802 0.5315663 0.5031523 0.5487464 0.4777669 0.4613307 0.4790566 0.4829686 0.4693951 0.3744396 0.4099664 0.4023807 0.3915465 0.3666912 0.2374595 0.2299646 0.2607986 0.4271686 0.4061735 0.4145379 0.2991680 0.2731771 0.0000000 0.5230312 
L_delicata             0.5765609 0.5314046 0.5318350 0.5649302 0.5285403 0.5299522 0.5450812 0.5116503 0.5159742 0.5432820 0.6236392 0.6182191 0.6047025 0.5434327 0.4344265 0.4216882 0.4612382 0.5380943 0.5571275 0.5421777 0.5770845 0.6185573 0.5230312 0.0000000 
