24
KT833807.1 0.0000000 0.1534466 0.1691082 0.1719159 0.1631443 0.1853277 0.1793467 0.2490149 0.1731508 0.1542205 0.1674068 0.1937268 0.2355631 0.2227672 0.1716468 0.1876841 0.1910617 0.2513429 0.1877611 0.1907772 0.1955563 0.2034497 0.1988640 0.1778295 
MH486484.1 0.1534466 0.0000000 0.1565868 0.1509787 0.1582811 0.1616835 0.1385955 0.2203529 0.1540686 0.1481016 0.1543323 0.1509945 0.1569743 0.1500752 0.1240552 0.1324751 0.1630280 0.1895517 0.1488605 0.1509284 0.1459128 0.1600618 0.1582921 0.1526752 
JX998058.1 0.1691082 0.1565868 0.0000000 0.0098165 0.0201430 0.1171002 0.1003761 0.1410397 0.0905625 0.0837310 0.0909517 0.1031727 0.1385175 0.1667415 0.1794143 0.2007196 0.1976379 0.2161294 0.1926198 0.1952434 0.1990725 0.2150566 0.1739017 0.1700599 
MH486688.1 0.1719159 0.1509787 0.0098165 0.0000000 0.0186881 0.1014125 0.0930989 0.1401570 0.0806819 0.0752072 0.0790670 0.0889748 0.1294281 0.1605240 0.1691000 0.1993914 0.1826322 0.2123590 0.1827972 0.1867334 0.1830755 0.1996412 0.1592201 0.1579798 
KJ466484.1 0.1631443 0.1582811 0.0201430 0.0186881 0.0000000 0.1093706 0.0991546 0.1563327 0.0925523 0.0820559 0.0853376 0.1015349 0.1437671 0.1605027 0.1732042 0.1990971 0.1965056 0.2283263 0.1844396 0.1869988 0.1906840 0.2061863 0.1735194 0.1731002 
MH486369.1 0.1853277 0.1616835 0.1171002 0.1014125 0.1093706 0.0000000 0.0315071 0.1074479 0.0865231 0.0792432 0.0775548 0.0664982 0.1600814 0.1593421 0.1523328 0.1777196 0.1750658 0.2219424 0.1633988 0.1700836 0.1668561 0.1760997 0.1516725 0.1511122 
MH486450.1 0.1793467 0.1385955 0.1003761 0.0930989 0.0991546 0.0315071 0.0000000 0.0817088 0.0797408 0.0715674 0.0713695 0.0624791 0.1422439 0.1453169 0.1409178 0.1568176 0.1731732 0.2117244 0.1447254 0.1483762 0.1510791 0.1558921 0.1407580 0.1534968 
MH486895.1 0.2490149 0.2203529 0.1410397 0.1401570 0.1563327 0.1074479 0.0817088 0.0000000 0.1172343 0.1102140 0.1118247 0.1083553 0.1620017 0.2055829 0.2293613 0.2258729 0.2608956 0.2743915 0.2342126 0.2372461 0.2367463 0.2435904 0.2289215 0.2330592 
MH486458.1 0.1731508 0.1540686 0.0905625 0.0806819 0.0925523 0.0865231 0.0797408 0.1172343 0.0000000 0.0107894 0.0145485 0.0411795 0.1411910 0.1511120 0.1435390 0.1447931 0.1479663 0.1717214 0.1487812 0.1465680 0.1499681 0.1566807 0.1364267 0.1588106 
MH486507.1 0.1542205 0.1481016 0.0837310 0.0752072 0.0820559 0.0792432 0.0715674 0.1102140 0.0107894 0.0000000 0.0107914 0.0360311 0.1414066 0.1474920 0.1379603 0.1415308 0.1517618 0.1686154 0.1405441 0.1397050 0.1486440 0.1551328 0.1344725 0.1581001 
MH486469.1 0.1674068 0.1543323 0.0909517 0.0790670 0.0853376 0.0775548 0.0713695 0.1118247 0.0145485 0.0107914 0.0000000 0.0361790 0.1538484 0.1496131 0.1445599 0.1432065 0.1548108 0.1782640 0.1421628 0.1423732 0.1516814 0.1552393 0.1368406 0.1650037 
MH486457.1 0.1937268 0.1509945 0.1031727 0.0889748 0.1015349 0.0664982 0.0624791 0.1083553 0.0411795 0.0360311 0.0361790 0.0000000 0.1396661 0.1419851 0.1471067 0.1439366 0.1571999 0.1618525 0.1389838 0.1387622 0.1422713 0.1540726 0.1268708 0.1530433 
MH486425.1 0.2355631 0.1569743 0.1385175 0.1294281 0.1437671 0.1600814 0.1422439 0.1620017 0.1411910 0.1414066 0.1538484 0.1396661 0.0000000 0.2010600 0.2329124 0.2349877 0.2264407 0.2523030 0.2605330 0.2413472 0.2429450 0.2594710 0.2436122 0.2347108 
KJ466482.1 0.2227672 0.1500752 0.1667415 0.1605240 0.1605027 0.1593421 0.1453169 0.2055829 0.1511120 0.1474920 0.1496131 0.1419851 0.2010600 0.0000000 0.1865830 0.2037146 0.2094370 0.2461029 0.1557427 0.1581349 0.1585483 0.1736685 0.1499418 0.1920514 
JN941158.1 0.1716468 0.1240552 0.1794143 0.1691000 0.1732042 0.1523328 0.1409178 0.2293613 0.1435390 0.1379603 0.1445599 0.1471067 0.2329124 0.1865830 0.0000000 0.0163726 0.0383444 0.0806454 0.1024928 0.1079162 0.1082787 0.1157400 0.1053737 0.0982032 
KR824782.1 0.1876841 0.1324751 0.2007196 0.1993914 0.1990971 0.1777196 0.1568176 0.2258729 0.1447931 0.1415308 0.1432065 0.1439366 0.2349877 0.2037146 0.0163726 0.0000000 0.0401906 0.0873411 0.1048622 0.1068411 0.1119400 0.1218602 0.1146539 0.1217771 
MH486486.1 0.1910617 0.1630280 0.1976379 0.1826322 0.1965056 0.1750658 0.1731732 0.2608956 0.1479663 0.1517618 0.1548108 0.1571999 0.2264407 0.2094370 0.0383444 0.0401906 0.0000000 0.0919929 0.1166057 0.1203820 0.1231693 0.1307976 0.1200404 0.1239614 
JN941154.1 0.2513429 0.1895517 0.2161294 0.2123590 0.2283263 0.2219424 0.2117244 0.2743915 0.1717214 0.1686154 0.1782640 0.1618525 0.2523030 0.2461029 0.0806454 0.0873411 0.0919929 0.0000000 0.1459402 0.1458693 0.1520559 0.1562032 0.1442744 0.1808059 
MH486361.1 0.1877611 0.1488605 0.1926198 0.1827972 0.1844396 0.1633988 0.1447254 0.2342126 0.1487812 0.1405441 0.1421628 0.1389838 0.2605330 0.1557427 0.1024928 0.1048622 0.1166057 0.1459402 0.0000000 0.0011359 0.0142460 0.0218168 0.0188091 0.0805320 
MH486394.1 0.1907772 0.1509284 0.1952434 0.1867334 0.1869988 0.1700836 0.1483762 0.2372461 0.1465680 0.1397050 0.1423732 0.1387622 0.2413472 0.1581349 0.1079162 0.1068411 0.1203820 0.1458693 0.0011359 0.0000000 0.0152910 0.0228121 0.0200416 0.0854699 
MH486383.1 0.1955563 0.1459128 0.1990725 0.1830755 0.1906840 0.1668561 0.1510791 0.2367463 0.1499681 0.1486440 0.1516814 0.1422713 0.2429450 0.1585483 0.1082787 0.1119400 0.1231693 0.1520559 0.0142460 0.0152910 0.0000000 0.0242939 0.0189357 0.0876973 
MH486447.1 0.2034497 0.1600618 0.2150566 0.1996412 0.2061863 0.1760997 0.1558921 0.2435904 0.1566807 0.1551328 0.1552393 0.1540726 0.2594710 0.1736685 0.1157400 0.1218602 0.1307976 0.1562032 0.0218168 0.0228121 0.0242939 0.0000000 0.0319526 0.1045295 
MH486554.1 0.1988640 0.1582921 0.1739017 0.1592201 0.1735194 0.1516725 0.1407580 0.2289215 0.1364267 0.1344725 0.1368406 0.1268708 0.2436122 0.1499418 0.1053737 0.1146539 0.1200404 0.1442744 0.0188091 0.0200416 0.0189357 0.0319526 0.0000000 0.0866520 
MH486591.1 0.1778295 0.1526752 0.1700599 0.1579798 0.1731002 0.1511122 0.1534968 0.2330592 0.1588106 0.1581001 0.1650037 0.1530433 0.2347108 0.1920514 0.0982032 0.1217771 0.1239614 0.1808059 0.0805320 0.0854699 0.0876973 0.1045295 0.0866520 0.0000000 
