24
L_delicata             0.0000000 0.1114021 0.1357991 0.1389337 0.1290014 0.1469585 0.1357885 0.2137097 0.1358989 0.1180918 0.1279443 0.1571202 0.1750812 0.1675249 0.1390140 0.1439584 0.1425845 0.1908313 0.1468834 0.1495307 0.1553736 0.1585094 0.1577668 0.1506818 
A_eijii                0.1114021 0.0000000 0.1171037 0.1159433 0.1229157 0.1202224 0.1002556 0.1793084 0.1203138 0.1141920 0.1162660 0.1180391 0.1177341 0.1252612 0.1049933 0.1124001 0.1329322 0.1532744 0.1224712 0.1243692 0.1230206 0.1344211 0.1307331 0.1308041 
A_virosa               0.1357991 0.1171037 0.0000000 0.0099192 0.0202479 0.0951560 0.0783677 0.1169960 0.0739105 0.0672517 0.0722419 0.0866522 0.1136433 0.1406546 0.1267322 0.1405571 0.1363429 0.1551447 0.1507450 0.1530627 0.1565802 0.1684714 0.1376338 0.1382193 
A_ocreata              0.1389337 0.1159433 0.0099192 0.0000000 0.0188494 0.0821595 0.0723074 0.1163138 0.0653948 0.0596556 0.0647580 0.0738343 0.1085049 0.1391783 0.1210598 0.1391105 0.1259269 0.1533577 0.1425746 0.1422867 0.1456059 0.1569852 0.1273088 0.1280850 
A_suballiacea          0.1290014 0.1229157 0.0202479 0.0188494 0.0000000 0.0899886 0.0757847 0.1344341 0.0764966 0.0664121 0.0711650 0.0836387 0.1207096 0.1424897 0.1271396 0.1442842 0.1412934 0.1688010 0.1454844 0.1477688 0.1527985 0.1628250 0.1371059 0.1400651 
A_aspericeps           0.1469585 0.1202224 0.0951560 0.0821595 0.0899886 0.0000000 0.0250318 0.0999593 0.0829471 0.0755564 0.0758305 0.0643461 0.1231600 0.1360926 0.1201117 0.1360028 0.1376803 0.1837997 0.1414502 0.1411872 0.1437076 0.1431744 0.1353769 0.1292790 
A_cinereopannosa       0.1357885 0.1002556 0.0783677 0.0723074 0.0757847 0.0250318 0.0000000 0.0794626 0.0749351 0.0670487 0.0668293 0.0596374 0.1044845 0.1263427 0.1037130 0.1128094 0.1270642 0.1672834 0.1211200 0.1222982 0.1244084 0.1257169 0.1205274 0.1250313 
A_strobiliformis       0.2137097 0.1793084 0.1169960 0.1163138 0.1344341 0.0999593 0.0794626 0.0000000 0.1146363 0.1078807 0.1095261 0.1059593 0.1466534 0.1768441 0.1820817 0.1838568 0.1955441 0.2346983 0.1935059 0.1963326 0.1960626 0.1983755 0.1934172 0.1911999 
A_citrinoannulata      0.1358989 0.1203138 0.0739105 0.0653948 0.0764966 0.0829471 0.0749351 0.1146363 0.0000000 0.0108104 0.0145726 0.0411809 0.1279267 0.1330867 0.1165732 0.1184305 0.1109478 0.1387083 0.1271772 0.1212836 0.1273798 0.1309721 0.1197708 0.1340950 
A_flavipes             0.1180918 0.1141920 0.0672517 0.0596556 0.0664121 0.0755564 0.0670487 0.1078807 0.0108104 0.0000000 0.0108452 0.0361752 0.1263351 0.1291804 0.1106937 0.1149026 0.1127968 0.1344156 0.1195231 0.1188611 0.1249579 0.1285764 0.1173346 0.1325274 
A_citrinoindusiata     0.1279443 0.1162660 0.0722419 0.0647580 0.0711650 0.0758305 0.0668293 0.1095261 0.0145726 0.0108452 0.0000000 0.0361643 0.1343030 0.1272386 0.1169746 0.1168551 0.1152699 0.1414549 0.1214446 0.1214295 0.1276351 0.1282142 0.1198909 0.1393491 
A_citrina              0.1571202 0.1180391 0.0866522 0.0738343 0.0836387 0.0643461 0.0596374 0.1059593 0.0411809 0.0361752 0.0361643 0.0000000 0.1229119 0.1218952 0.1166832 0.1183847 0.1227526 0.1383479 0.1205807 0.1206222 0.1197459 0.1284289 0.1128079 0.1303987 
A_caojizong            0.1750812 0.1177341 0.1136433 0.1085049 0.1207096 0.1231600 0.1044845 0.1466534 0.1279267 0.1263351 0.1343030 0.1229119 0.0000000 0.1728585 0.1524289 0.1692719 0.1594054 0.1872538 0.1772124 0.1763045 0.1896881 0.1985887 0.1690376 0.1648340 
A_avellaneosquamosa    0.1675249 0.1252612 0.1406546 0.1391783 0.1424897 0.1360926 0.1263427 0.1768441 0.1330867 0.1291804 0.1272386 0.1218952 0.1728585 0.0000000 0.1531101 0.1607556 0.1706495 0.1851879 0.1244660 0.1265630 0.1279998 0.1371974 0.1205449 0.1613786 
A_altipes              0.1390140 0.1049933 0.1267322 0.1210598 0.1271396 0.1201117 0.1037130 0.1820817 0.1165732 0.1106937 0.1169746 0.1166832 0.1524289 0.1531101 0.0000000 0.0151512 0.0330396 0.0688799 0.0978332 0.0981701 0.1046489 0.1100745 0.1021976 0.0959798 
A_pantherina           0.1439584 0.1124001 0.1405571 0.1391105 0.1442842 0.1360028 0.1128094 0.1838568 0.1184305 0.1149026 0.1168551 0.1183847 0.1692719 0.1607556 0.0151512 0.0000000 0.0342254 0.0733777 0.0950175 0.0969611 0.1060631 0.1122290 0.1048787 0.1132797 
A_elata                0.1425845 0.1329322 0.1363429 0.1259269 0.1412934 0.1376803 0.1270642 0.1955441 0.1109478 0.1127968 0.1152699 0.1227526 0.1594054 0.1706495 0.0330396 0.0342254 0.0000000 0.0721488 0.1034519 0.1037145 0.1127806 0.1186470 0.1077638 0.1141368 
A_farinosa             0.1908313 0.1532744 0.1551447 0.1533577 0.1688010 0.1837997 0.1672834 0.2346983 0.1387083 0.1344156 0.1414549 0.1383479 0.1872538 0.1851879 0.0688799 0.0733777 0.0721488 0.0000000 0.1274817 0.1276413 0.1336839 0.1341560 0.1282582 0.1580471 
A_aff_brunneofuliginea 0.1468834 0.1224712 0.1507450 0.1425746 0.1454844 0.1414502 0.1211200 0.1935059 0.1271772 0.1195231 0.1214446 0.1205807 0.1772124 0.1244660 0.0978332 0.0950175 0.1034519 0.1274817 0.0000000 0.0011724 0.0146620 0.0199216 0.0170049 0.0822907 
A_brunneofuliginea     0.1495307 0.1243692 0.1530627 0.1422867 0.1477688 0.1411872 0.1222982 0.1963326 0.1212836 0.1188611 0.1214295 0.1206222 0.1763045 0.1265630 0.0981701 0.0969611 0.1037145 0.1276413 0.0011724 0.0000000 0.0132511 0.0184087 0.0155694 0.0827955 
A_battarrae            0.1553736 0.1230206 0.1565802 0.1456059 0.1527985 0.1437076 0.1244084 0.1960626 0.1273798 0.1249579 0.1276351 0.1197459 0.1896881 0.1279998 0.1046489 0.1060631 0.1127806 0.1336839 0.0146620 0.0132511 0.0000000 0.0225253 0.0170002 0.0872453 
A_chiui                0.1585094 0.1344211 0.1684714 0.1569852 0.1628250 0.1431744 0.1257169 0.1983755 0.1309721 0.1285764 0.1282142 0.1284289 0.1985887 0.1371974 0.1100745 0.1122290 0.1186470 0.1341560 0.0199216 0.0184087 0.0225253 0.0000000 0.0275507 0.1024663 
A_fulva                0.1577668 0.1307331 0.1376338 0.1273088 0.1371059 0.1353769 0.1205274 0.1934172 0.1197708 0.1173346 0.1198909 0.1128079 0.1690376 0.1205449 0.1021976 0.1048787 0.1077638 0.1282582 0.0170049 0.0155694 0.0170002 0.0275507 0.0000000 0.0911800 
A_imazekii             0.1506818 0.1308041 0.1382193 0.1280850 0.1400651 0.1292790 0.1250313 0.1911999 0.1340950 0.1325274 0.1393491 0.1303987 0.1648340 0.1613786 0.0959798 0.1132797 0.1141368 0.1580471 0.0822907 0.0827955 0.0872453 0.1024663 0.0911800 0.0000000 
