24
A_altipes              0.0000000 0.0663994 0.1621361 0.1519287 0.4188496 0.4159878 0.4015835 0.3788251 0.4327894 0.4388402 0.6617926 0.6431190 0.6124324 0.4901811 0.4955855 0.4805169 0.4426338 0.5985019 0.5924666 0.5843748 0.4785546 0.4973633 0.5717901 0.6244086 
A_pantherina           0.0663994 0.0000000 0.1458468 0.1257436 0.4254141 0.4200248 0.4031483 0.3775941 0.4110913 0.3953445 0.6955536 0.6752975 0.6070182 0.5435675 0.5395098 0.5238775 0.4885254 0.6412849 0.6260242 0.6359301 0.4893045 0.5464617 0.5476916 0.5907496 
A_elata                0.1621361 0.1458468 0.0000000 0.1847362 0.4634899 0.4605077 0.4295926 0.4093211 0.4486539 0.4457952 0.6290186 0.6033948 0.5777188 0.5128865 0.4321630 0.4465470 0.4070093 0.6175114 0.6031866 0.5844003 0.4859041 0.4855967 0.5097726 0.5590241 
A_farinosa             0.1519287 0.1257436 0.1847362 0.0000000 0.3971318 0.3988864 0.3860795 0.3529860 0.3637689 0.4055803 0.6948140 0.6795736 0.6611481 0.5370964 0.5082458 0.5063512 0.5062915 0.6317354 0.6392777 0.6252899 0.5097019 0.5116715 0.5537784 0.6071987 
A_aff_brunneofuliginea 0.4188496 0.4254141 0.4634899 0.3971318 0.0000000 0.0062688 0.0257135 0.0401081 0.0708909 0.2649020 0.5191249 0.5028016 0.4792297 0.4604393 0.4176811 0.4334287 0.4782447 0.5911877 0.5842384 0.5802461 0.4340836 0.4195593 0.4832946 0.5781967 
A_brunneofuliginea     0.4159878 0.4200248 0.4605077 0.3988864 0.0062688 0.0000000 0.0247917 0.0422878 0.0670983 0.2533643 0.4958678 0.4930983 0.4766171 0.4556187 0.3998497 0.4096830 0.4521539 0.5791690 0.5691863 0.5652616 0.4467725 0.4222970 0.4567104 0.5602549 
A_chiui                0.4015835 0.4031483 0.4295926 0.3860795 0.0257135 0.0247917 0.0000000 0.0402893 0.0699827 0.2699192 0.4506472 0.4513321 0.4587387 0.4177425 0.3946359 0.4062879 0.4339379 0.5199401 0.5054333 0.5082751 0.4332104 0.4072700 0.4737905 0.5766473 
A_battarrae            0.3788251 0.3775941 0.4093211 0.3529860 0.0401081 0.0422878 0.0402893 0.0000000 0.0591773 0.2800301 0.5178349 0.5140901 0.4797980 0.4523248 0.4150814 0.4288597 0.4581610 0.5841855 0.5812978 0.5793423 0.4725352 0.4507411 0.4807245 0.5457135 
A_fulva                0.4327894 0.4110913 0.4486539 0.3637689 0.0708909 0.0670983 0.0699827 0.0591773 0.0000000 0.2764516 0.4388059 0.4729457 0.4569210 0.4413633 0.4006286 0.3974777 0.4554556 0.5348909 0.5224679 0.5189874 0.4348068 0.4411240 0.4640453 0.5467975 
A_imazekii             0.4388402 0.3953445 0.4457952 0.4055803 0.2649020 0.2533643 0.2699192 0.2800301 0.2764516 0.0000000 0.4980514 0.5380053 0.4855030 0.4115140 0.3862893 0.3780204 0.4083090 0.4976851 0.4715032 0.4640211 0.4287256 0.4264654 0.3763374 0.5755229 
A_citrinoannulata      0.6617926 0.6955536 0.6290186 0.6948140 0.5191249 0.4958678 0.4506472 0.5178349 0.4388059 0.4980514 0.0000000 0.0394926 0.0519916 0.1439401 0.2526825 0.2433699 0.2397088 0.4176217 0.3744896 0.3642046 0.3319533 0.3047832 0.4070328 0.6207245 
A_citrinoindusiata     0.6431190 0.6752975 0.6033948 0.6795736 0.5028016 0.4930983 0.4513321 0.5140901 0.4729457 0.5380053 0.0394926 0.0000000 0.0424108 0.1445499 0.2331047 0.2295340 0.2260048 0.4216455 0.3803970 0.3554401 0.3437145 0.3159485 0.4053255 0.6233265 
A_flavipes             0.6124324 0.6070182 0.5777188 0.6611481 0.4792297 0.4766171 0.4587387 0.4797980 0.4569210 0.4855030 0.0519916 0.0424108 0.0000000 0.1449204 0.2137727 0.2114361 0.2248844 0.4601756 0.4136508 0.3932508 0.3245785 0.2899450 0.3989825 0.6182455 
A_citrina              0.4901811 0.5435675 0.5128865 0.5370964 0.4604393 0.4556187 0.4177425 0.4523248 0.4413633 0.4115140 0.1439401 0.1445499 0.1449204 0.0000000 0.1791099 0.1735511 0.1873143 0.2941688 0.2767906 0.2486684 0.2887116 0.2702312 0.3676129 0.5449916 
A_aspericeps           0.4955855 0.5395098 0.4321630 0.5082458 0.4176811 0.3998497 0.3946359 0.4150814 0.4006286 0.3862893 0.2526825 0.2331047 0.2137727 0.1791099 0.0000000 0.0353965 0.0953092 0.2687928 0.2480981 0.2449679 0.2399657 0.1932730 0.2366252 0.4413728 
A_cinereopannosa       0.4805169 0.5238775 0.4465470 0.5063512 0.4334287 0.4096830 0.4062879 0.4288597 0.3974777 0.3780204 0.2433699 0.2295340 0.2114361 0.1735511 0.0353965 0.0000000 0.1001483 0.2769400 0.2557980 0.2493701 0.2412313 0.1912522 0.2291653 0.4235082 
A_strobiliformis       0.4426338 0.4885254 0.4070093 0.5062915 0.4782447 0.4521539 0.4339379 0.4581610 0.4554556 0.4083090 0.2397088 0.2260048 0.2248844 0.1873143 0.0953092 0.1001483 0.0000000 0.2797626 0.2650224 0.2624275 0.2834531 0.2072474 0.2595206 0.4794430 
A_ocreata              0.5985019 0.6412849 0.6175114 0.6317354 0.5911877 0.5791690 0.5199401 0.5841855 0.5348909 0.4976851 0.4176217 0.4216455 0.4601756 0.2941688 0.2687928 0.2769400 0.2797626 0.0000000 0.0289149 0.0641835 0.4020993 0.3981342 0.4317563 0.5569309 
A_virosa               0.5924666 0.6260242 0.6031866 0.6392777 0.5842384 0.5691863 0.5054333 0.5812978 0.5224679 0.4715032 0.3744896 0.3803970 0.4136508 0.2767906 0.2480981 0.2557980 0.2650224 0.0289149 0.0000000 0.0611500 0.3929871 0.3819944 0.4155929 0.5708086 
A_suballiacea          0.5843748 0.6359301 0.5844003 0.6252899 0.5802461 0.5652616 0.5082751 0.5793423 0.5189874 0.4640211 0.3642046 0.3554401 0.3932508 0.2486684 0.2449679 0.2493701 0.2624275 0.0641835 0.0611500 0.0000000 0.3672080 0.3726825 0.4270365 0.5637376 
A_caojizong            0.4785546 0.4893045 0.4859041 0.5097019 0.4340836 0.4467725 0.4332104 0.4725352 0.4348068 0.4287256 0.3319533 0.3437145 0.3245785 0.2887116 0.2399657 0.2412313 0.2834531 0.4020993 0.3929871 0.3672080 0.0000000 0.1379144 0.3062003 0.6036403 
A_eijii                0.4973633 0.5464617 0.4855967 0.5116715 0.4195593 0.4222970 0.4072700 0.4507411 0.4411240 0.4264654 0.3047832 0.3159485 0.2899450 0.2702312 0.1932730 0.1912522 0.2072474 0.3981342 0.3819944 0.3726825 0.1379144 0.0000000 0.2730759 0.6206035 
A_avellaneosquamosa    0.5717901 0.5476916 0.5097726 0.5537784 0.4832946 0.4567104 0.4737905 0.4807245 0.4640453 0.3763374 0.4070328 0.4053255 0.3989825 0.3676129 0.2366252 0.2291653 0.2595206 0.4317563 0.4155929 0.4270365 0.3062003 0.2730759 0.0000000 0.5396846 
L_delicata             0.6244086 0.5907496 0.5590241 0.6071987 0.5781967 0.5602549 0.5766473 0.5457135 0.5467975 0.5755229 0.6207245 0.6233265 0.6182455 0.5449916 0.4413728 0.4235082 0.4794430 0.5569309 0.5708086 0.5637376 0.6036403 0.6206035 0.5396846 0.0000000 
